id,entity_id,alias,language,created_at,updated_at
21126,23854,Angehörige,de,2026-07-16 03:47:19.134671+00:00,2026-07-16 03:47:19.134671+00:00
21127,23856,IHK-Prüfung,de,2026-07-16 03:47:19.134671+00:00,2026-07-16 03:47:19.134671+00:00
21128,23859,Selbstständige,de,2026-07-16 03:47:19.134671+00:00,2026-07-16 03:47:19.134671+00:00
21129,23863,Pflegende Angehörige,de,2026-07-16 03:47:19.134671+00:00,2026-07-16 03:47:19.134671+00:00
21130,23864,IHK Abschlussprüfung,de,2026-07-16 03:47:19.134671+00:00,2026-07-16 03:47:19.134671+00:00
21131,23869,Einbürgerungstest,de,2026-07-16 03:47:19.134671+00:00,2026-07-16 03:47:19.134671+00:00
21132,23871,pflegegrad antrag checkliste für angehörige,de,2026-07-16 03:47:19.134671+00:00,2026-07-16 03:47:19.134671+00:00
21133,23887,Pflegekräfte,de,2026-07-16 03:47:19.134671+00:00,2026-07-16 03:47:19.134671+00:00
21134,23888,Pflegebedürftigkeit,de,2026-07-16 03:47:19.134671+00:00,2026-07-16 03:47:19.134671+00:00
21135,23892,Meisterprüfung,de,2026-07-16 03:47:19.134671+00:00,2026-07-16 03:47:19.134671+00:00
21136,23893,Pflegebedürftige,de,2026-07-16 03:47:19.134671+00:00,2026-07-16 03:47:19.134671+00:00
21137,23896,blutdrucktagebuch für senioren,de,2026-07-16 03:47:19.134671+00:00,2026-07-16 03:47:19.134671+00:00
21138,23898,md begutachtung vorbereitung für angehörige,de,2026-07-16 03:47:19.134671+00:00,2026-07-16 03:47:19.134671+00:00
21139,23899,Künstliche Intelligenz,de,2026-07-16 03:47:19.134671+00:00,2026-07-16 03:47:19.134671+00:00
21140,23901,Überforderung,de,2026-07-16 03:47:19.134671+00:00,2026-07-16 03:47:19.134671+00:00
21141,23903,IHK Zwischenprüfung,de,2026-07-16 03:47:19.134671+00:00,2026-07-16 03:47:19.134671+00:00
21142,23911,Mütter,de,2026-07-16 03:47:19.134671+00:00,2026-07-16 03:47:19.134671+00:00
21143,23912,KI für Handwerker,de,2026-07-16 03:47:19.134671+00:00,2026-07-16 03:47:19.134671+00:00
21144,23913,Ruheständler,de,2026-07-16 03:47:19.134671+00:00,2026-07-16 03:47:19.134671+00:00
21145,23918,Anfänger,de,2026-07-16 03:47:19.134671+00:00,2026-07-16 03:47:19.134671+00:00
21146,23924,pflegeordner für angehörige,de,2026-07-16 03:47:19.134671+00:00,2026-07-16 03:47:19.134671+00:00
21147,23932,Fachinformatiker Prüfung,de,2026-07-16 03:47:19.134671+00:00,2026-07-16 03:47:19.134671+00:00
21148,23933,excel arbeitsbuch für anfänger,de,2026-07-16 03:47:19.134671+00:00,2026-07-16 03:47:19.134671+00:00
21149,23934,blutzuckertagebuch für diabetiker,de,2026-07-16 03:47:19.134671+00:00,2026-07-16 03:47:19.134671+00:00
21150,23938,Alleinerziehende Mütter,de,2026-07-16 03:47:19.134671+00:00,2026-07-16 03:47:19.134671+00:00
21151,23939,Fachinformatiker Abschlussprüfung,de,2026-07-16 03:47:19.134671+00:00,2026-07-16 03:47:19.134671+00:00
21152,23941,Notfallsanitäter,de,2026-07-16 03:47:19.134671+00:00,2026-07-16 03:47:19.134671+00:00
21153,23945,Existenzgründung,de,2026-07-16 03:47:19.134671+00:00,2026-07-16 03:47:19.134671+00:00
21154,23947,Alleinerziehende Väter,de,2026-07-16 03:47:19.134671+00:00,2026-07-16 03:47:19.134671+00:00
21155,23952,smartphone ratgeber für senioren,de,2026-07-16 03:47:19.134671+00:00,2026-07-16 03:47:19.134671+00:00
21156,23918,für Anfänger,de,2026-07-16 03:47:19.134671+00:00,2026-07-16 03:47:19.134671+00:00
21157,23950,für Einsteiger,de,2026-07-16 03:47:19.134671+00:00,2026-07-16 03:47:19.134671+00:00
21158,23958,Leinenführigkeit,de,2026-07-16 03:47:19.134671+00:00,2026-07-16 03:47:19.134671+00:00
21159,23960,Prüfungsangst,de,2026-07-16 03:47:19.134671+00:00,2026-07-16 03:47:19.134671+00:00
21160,23962,buchhaltung arbeitsbuch für kleinunternehmer,de,2026-07-16 03:47:19.134671+00:00,2026-07-16 03:47:19.134671+00:00
21161,23963,Prüfungsvorbereitung,de,2026-07-16 03:47:19.134671+00:00,2026-07-16 03:47:19.134671+00:00
21162,23967,IT-Administrator,de,2026-07-16 03:47:19.134671+00:00,2026-07-16 03:47:19.134671+00:00
21163,23969,AEVO Prüfung,de,2026-07-16 03:47:19.134671+00:00,2026-07-16 03:47:19.134671+00:00
21164,23971,medikamentenplan für senioren,de,2026-07-16 03:47:19.134671+00:00,2026-07-16 03:47:19.134671+00:00
21165,23974,Väter,de,2026-07-16 03:47:19.134671+00:00,2026-07-16 03:47:19.134671+00:00
21166,23975,Ausbildereignungsprüfung,de,2026-07-16 03:47:19.134671+00:00,2026-07-16 03:47:19.134671+00:00
21167,23978,Rückruftraining,de,2026-07-16 03:47:19.134671+00:00,2026-07-16 03:47:19.134671+00:00
21168,23980,demenz alltag planer für familien,de,2026-07-16 03:47:19.134671+00:00,2026-07-16 03:47:19.134671+00:00
21169,23981,Rückruf,de,2026-07-16 03:47:19.134671+00:00,2026-07-16 03:47:19.134671+00:00
21170,23982,rückruftraining hund für ersthundbesitzer,de,2026-07-16 03:47:19.134671+00:00,2026-07-16 03:47:19.134671+00:00
21171,23983,Solo-Selbstständige,de,2026-07-16 03:47:19.134671+00:00,2026-07-16 03:47:19.134671+00:00
21172,23984,Existenzgründer,de,2026-07-16 03:47:19.134671+00:00,2026-07-16 03:47:19.134671+00:00
21173,23987,im Alltag,de,2026-07-16 03:47:19.134671+00:00,2026-07-16 03:47:19.134671+00:00
21174,23988,Patientenverfügung,de,2026-07-16 03:47:19.134671+00:00,2026-07-16 03:47:19.134671+00:00
21175,23990,ChatGPT für Selbstständige,de,2026-07-16 03:47:19.134671+00:00,2026-07-16 03:47:19.134671+00:00
21176,23994,chatgpt prompts für selbstständige,de,2026-07-16 03:47:19.134671+00:00,2026-07-16 03:47:19.134671+00:00
21177,23995,demenz alltag planer für angehörige,de,2026-07-16 03:47:19.134671+00:00,2026-07-16 03:47:19.134671+00:00
21178,23997,für die Prüfung,de,2026-07-16 03:47:19.134671+00:00,2026-07-16 03:47:19.134671+00:00
21179,23998,Selbstständigkeit,de,2026-07-16 03:47:19.134671+00:00,2026-07-16 03:47:19.134671+00:00
21180,24000,vollmacht und patientenverfügung für senioren,de,2026-07-16 03:47:19.134671+00:00,2026-07-16 03:47:19.134671+00:00
21181,24001,lebenslauf vorlage für berufseinsteiger,de,2026-07-16 03:47:19.134671+00:00,2026-07-16 03:47:19.134671+00:00
21182,24007,Rückenschmerzen,de,2026-07-16 03:47:19.134671+00:00,2026-07-16 03:47:19.134671+00:00
21183,24009,businessplan vorlage für gründer,de,2026-07-16 03:47:19.134671+00:00,2026-07-16 03:47:19.134671+00:00
21184,24012,Kleinunternehmen gründen,de,2026-07-16 03:47:19.134671+00:00,2026-07-16 03:47:19.134671+00:00
21185,24015,Behördenpost organisieren,de,2026-07-16 03:47:19.134671+00:00,2026-07-16 03:47:19.134671+00:00
21186,24016,KI für Selbstständige,de,2026-07-16 03:47:19.134671+00:00,2026-07-16 03:47:19.134671+00:00
21187,24017,Rettungssanitäter,de,2026-07-16 03:47:19.134671+00:00,2026-07-16 03:47:19.134671+00:00
21188,24018,Führerschein Theorie,de,2026-07-16 03:47:19.134671+00:00,2026-07-16 03:47:19.134671+00:00
21189,24019,haushaltsbudget planer für familien,de,2026-07-16 03:47:19.134671+00:00,2026-07-16 03:47:19.134671+00:00
21190,24020,adhs alltag strukturieren für erwachsene,de,2026-07-16 03:47:19.134671+00:00,2026-07-16 03:47:19.134671+00:00
21191,24023,Gründer,de,2026-07-16 03:47:19.134671+00:00,2026-07-16 03:47:19.134671+00:00
21192,24028,KI für den Alltag,de,2026-07-16 03:47:19.134671+00:00,2026-07-16 03:47:19.134671+00:00
21193,24031,tablet einrichtung für senioren,de,2026-07-16 03:47:19.134671+00:00,2026-07-16 03:47:19.134671+00:00
21194,24032,Berufstätige,de,2026-07-16 03:47:19.134671+00:00,2026-07-16 03:47:19.134671+00:00
21195,24035,mit Checklisten,de,2026-07-16 03:47:19.134671+00:00,2026-07-16 03:47:19.134671+00:00
21196,23997,vor der Prüfung,de,2026-07-16 03:47:19.134671+00:00,2026-07-16 03:47:19.134671+00:00
21197,24040,ChatGPT für Studenten,de,2026-07-16 03:47:19.134671+00:00,2026-07-16 03:47:19.134671+00:00
21198,24041,KI für Lehrer,de,2026-07-16 03:47:19.134671+00:00,2026-07-16 03:47:19.134671+00:00
21199,24042,Steuererklärung,de,2026-07-16 03:47:19.134671+00:00,2026-07-16 03:47:19.134671+00:00
21200,24043,schmerztagebuch für chronische schmerzen,de,2026-07-16 03:47:19.134671+00:00,2026-07-16 03:47:19.134671+00:00
21201,24046,Firmengründung,de,2026-07-16 03:47:19.134671+00:00,2026-07-16 03:47:19.134671+00:00
21202,24047,Fachwirtprüfung,de,2026-07-16 03:47:19.134671+00:00,2026-07-16 03:47:19.134671+00:00
21203,24048,DTZ Prüfung,de,2026-07-16 03:47:19.134671+00:00,2026-07-16 03:47:19.134671+00:00
21204,24050,pflegekosten übersicht für senioren,de,2026-07-16 03:47:19.134671+00:00,2026-07-16 03:47:19.134671+00:00
21205,24051,Ernährungstagebuch,de,2026-07-16 03:47:19.134671+00:00,2026-07-16 03:47:19.134671+00:00
21206,24057,Existenzgründung,de,2026-07-16 03:47:19.134671+00:00,2026-07-16 03:47:19.134671+00:00
21207,24060,Schritt-für-Schritt-Anleitung,de,2026-07-16 03:47:19.134671+00:00,2026-07-16 03:47:19.134671+00:00
21208,24061,leinenführigkeit training für hundehalter,de,2026-07-16 03:47:19.134671+00:00,2026-07-16 03:47:19.134671+00:00
21209,24062,umzugscheckliste für familien,de,2026-07-16 03:47:19.134671+00:00,2026-07-16 03:47:19.134671+00:00
21210,23943,im Familienalltag,de,2026-07-16 03:47:19.134671+00:00,2026-07-16 03:47:19.134671+00:00
21211,24064,Erschöpfung,de,2026-07-16 03:47:19.134671+00:00,2026-07-16 03:47:19.134671+00:00
21212,24066,Führerschein Klasse B,de,2026-07-16 03:47:19.134671+00:00,2026-07-16 03:47:19.134671+00:00
21213,23855,für Senioren,de,2026-07-16 03:47:19.134671+00:00,2026-07-16 03:47:19.134671+00:00
21214,24069,adhs kind unterstützen für eltern,de,2026-07-16 03:47:19.134671+00:00,2026-07-16 03:47:19.134671+00:00
21215,24070,excel haushaltsbuch für familien,de,2026-07-16 03:47:19.134671+00:00,2026-07-16 03:47:19.134671+00:00
21216,24072,rechnung schreiben vorlage für selbstständige,de,2026-07-16 03:47:19.134671+00:00,2026-07-16 03:47:19.134671+00:00
21217,24075,etf sparplan für anfänger,de,2026-07-16 03:47:19.134671+00:00,2026-07-16 03:47:19.134671+00:00
21218,24076,schulstart checkliste für eltern,de,2026-07-16 03:47:19.134671+00:00,2026-07-16 03:47:19.134671+00:00
21219,24078,vorstellungsgespräch vorbereitung für berufseinsteiger,de,2026-07-16 03:47:19.134671+00:00,2026-07-16 03:47:19.134671+00:00
21220,24081,Gedächtnistraining,de,2026-07-16 03:47:19.134671+00:00,2026-07-16 03:47:19.134671+00:00
21221,24090,Sturzprävention,de,2026-07-16 03:47:19.134671+00:00,2026-07-16 03:47:19.134671+00:00
21222,24096,amazon fba einstieg für anfänger,de,2026-07-16 03:47:19.134671+00:00,2026-07-16 03:47:19.134671+00:00
21223,24101,Firmengründung,de,2026-07-16 03:47:19.134671+00:00,2026-07-16 03:47:19.134671+00:00
21224,24105,Gemüsegarten,de,2026-07-16 03:47:19.134671+00:00,2026-07-16 03:47:19.134671+00:00
21225,24107,adhs studium planer für studenten,de,2026-07-16 03:47:19.134671+00:00,2026-07-16 03:47:19.134671+00:00
21226,24111,meal prep planer für berufstätige,de,2026-07-16 03:47:19.134671+00:00,2026-07-16 03:47:19.134671+00:00
21227,24114,online banking für senioren,de,2026-07-16 03:47:19.134671+00:00,2026-07-16 03:47:19.134671+00:00
21228,24118,Kreative Selbstständige,de,2026-07-16 03:47:19.134671+00:00,2026-07-16 03:47:19.134671+00:00
21229,24119,Schüler,de,2026-07-16 03:47:19.134671+00:00,2026-07-16 03:47:19.134671+00:00
21230,24120,bewerbungsschreiben vorlagen für fachkräfte,de,2026-07-16 03:47:19.134671+00:00,2026-07-16 03:47:19.134671+00:00
21231,24123,haushaltsbuch für anfänger,de,2026-07-16 03:47:19.134671+00:00,2026-07-16 03:47:19.134671+00:00
21232,24124,steuererklärung checkliste für freelancer,de,2026-07-16 03:47:19.134671+00:00,2026-07-16 03:47:19.134671+00:00
21233,24125,notion planer für selbstständige,de,2026-07-16 03:47:19.134671+00:00,2026-07-16 03:47:19.134671+00:00
21234,24126,welpentraining plan für welpenbesitzer,de,2026-07-16 03:47:19.134671+00:00,2026-07-16 03:47:19.134671+00:00
21235,24131,Arztbesuch Notizbuch,de,2026-07-16 03:47:19.134671+00:00,2026-07-16 03:47:19.134671+00:00
21236,24132,pflegekasse briefvorlagen für angehörige,de,2026-07-16 03:47:19.134671+00:00,2026-07-16 03:47:19.134671+00:00
21237,24133,notfallordner für gesundheit,de,2026-07-16 03:47:19.134671+00:00,2026-07-16 03:47:19.134671+00:00
21238,24136,Produktivität,de,2026-07-16 03:47:19.134671+00:00,2026-07-16 03:47:19.134671+00:00
21239,24137,KI für Pflegekräfte,de,2026-07-16 03:47:19.134671+00:00,2026-07-16 03:47:19.134671+00:00
21240,24138,ChatGPT für Senioren,de,2026-07-16 03:47:19.134671+00:00,2026-07-16 03:47:19.134671+00:00
21241,23877,in der Schwangerschaft,de,2026-07-16 03:47:19.134671+00:00,2026-07-16 03:47:19.134671+00:00
21242,24142,für den Pflegealltag,de,2026-07-16 03:47:19.134671+00:00,2026-07-16 03:47:19.134671+00:00
21243,24144,für die Prüfungsvorbereitung,de,2026-07-16 03:47:19.134671+00:00,2026-07-16 03:47:19.134671+00:00
21244,24145,mit klarer Struktur,de,2026-07-16 03:47:19.134671+00:00,2026-07-16 03:47:19.134671+00:00
21245,23859,für Selbstständige,de,2026-07-16 03:47:19.134671+00:00,2026-07-16 03:47:19.134671+00:00
21246,24149,im Berufsalltag,de,2026-07-16 03:47:19.134671+00:00,2026-07-16 03:47:19.134671+00:00
21247,24161,gehaltsverhandlung training für berufstätige,de,2026-07-16 03:47:19.134671+00:00,2026-07-16 03:47:19.134671+00:00
21248,24163,Kfz-Mechatroniker,de,2026-07-16 03:47:19.134671+00:00,2026-07-16 03:47:19.134671+00:00
21249,24164,Pubertät,de,2026-07-16 03:47:19.134671+00:00,2026-07-16 03:47:19.134671+00:00
21250,24166,hausaufgabenplaner für grundschüler,de,2026-07-16 03:47:19.134671+00:00,2026-07-16 03:47:19.134671+00:00
21251,24168,steuererklärung checkliste für arbeitnehmer,de,2026-07-16 03:47:19.134671+00:00,2026-07-16 03:47:19.134671+00:00
21252,24170,schuldenfrei planer für erwachsene,de,2026-07-16 03:47:19.134671+00:00,2026-07-16 03:47:19.134671+00:00
21253,24172,kundengewinnung arbeitsbuch für selbstständige,de,2026-07-16 03:47:19.134671+00:00,2026-07-16 03:47:19.134671+00:00
21254,24175,Sozialpädagoge,de,2026-07-16 03:47:19.134671+00:00,2026-07-16 03:47:19.134671+00:00
21255,24176,canva vorlagen für kleinunternehmer,de,2026-07-16 03:47:19.134671+00:00,2026-07-16 03:47:19.134671+00:00
21256,24177,adhs berufsalltag für berufstätige,de,2026-07-16 03:47:19.134671+00:00,2026-07-16 03:47:19.134671+00:00
21257,24179,Logopäde,de,2026-07-16 03:47:19.134671+00:00,2026-07-16 03:47:19.134671+00:00
21258,24180,Sachkundeprüfung,de,2026-07-16 03:47:19.134671+00:00,2026-07-16 03:47:19.134671+00:00
21259,24181,katzeneingewöhnung checkliste für katzenhalter,de,2026-07-16 03:47:19.134671+00:00,2026-07-16 03:47:19.134671+00:00
21260,24182,fitness tagebuch für anfänger,de,2026-07-16 03:47:19.134671+00:00,2026-07-16 03:47:19.134671+00:00
21261,24185,Goethe-Zertifikat,de,2026-07-16 03:47:19.134671+00:00,2026-07-16 03:47:19.134671+00:00
21262,24186,Kräutergarten,de,2026-07-16 03:47:19.134671+00:00,2026-07-16 03:47:19.134671+00:00
21263,24193,pflegeheim vergleich für familien,de,2026-07-16 03:47:19.134671+00:00,2026-07-16 03:47:19.134671+00:00
21264,24200,Migräne Tagebuch,de,2026-07-16 03:47:19.134671+00:00,2026-07-16 03:47:19.134671+00:00
21265,24203,gemüsegarten planer für anfänger,de,2026-07-16 03:47:19.134671+00:00,2026-07-16 03:47:19.134671+00:00
21266,24206,umsatzsteuer voranmeldung für selbstständige,de,2026-07-16 03:47:19.134671+00:00,2026-07-16 03:47:19.134671+00:00
21267,24207,migräne tagebuch für erwachsene,de,2026-07-16 03:47:19.134671+00:00,2026-07-16 03:47:19.134671+00:00
21268,24209,KI für Immobilienmakler,de,2026-07-16 03:47:19.134671+00:00,2026-07-16 03:47:19.134671+00:00
21269,24211,alexa einrichtung für senioren,de,2026-07-16 03:47:19.134671+00:00,2026-07-16 03:47:19.134671+00:00
21270,24212,KI für Softwareentwickler,de,2026-07-16 03:47:19.134671+00:00,2026-07-16 03:47:19.134671+00:00
21271,24213,ChatGPT für Lehrer,de,2026-07-16 03:47:19.134671+00:00,2026-07-16 03:47:19.134671+00:00
21272,24215,Aufräumen,de,2026-07-16 03:47:19.134671+00:00,2026-07-16 03:47:19.134671+00:00
21273,24216,im Alter,de,2026-07-16 03:47:19.134671+00:00,2026-07-16 03:47:19.134671+00:00
21274,23883,nach der Geburt,de,2026-07-16 03:47:19.134671+00:00,2026-07-16 03:47:19.134671+00:00
21275,23874,Hundetraining Tagebuch,de,2026-07-16 03:47:19.134671+00:00,2026-07-16 03:47:19.134671+00:00
21276,24220,für den Notfall,de,2026-07-16 03:47:19.134671+00:00,2026-07-16 03:47:19.134671+00:00
21277,24044,für das Homeoffice,de,2026-07-16 03:47:19.134671+00:00,2026-07-16 03:47:19.134671+00:00
21278,24224,mit Vorlagen,de,2026-07-16 03:47:19.134671+00:00,2026-07-16 03:47:19.134671+00:00
21279,24227,ohne Vorkenntnisse,de,2026-07-16 03:47:19.134671+00:00,2026-07-16 03:47:19.134671+00:00
21280,24230,rentenantrag checkliste für rentner,de,2026-07-16 03:47:19.134671+00:00,2026-07-16 03:47:19.134671+00:00
21281,24232,KI für Studenten,de,2026-07-16 03:47:19.134671+00:00,2026-07-16 03:47:19.134671+00:00
21282,24234,schnelle gerichte kochbuch für familien,de,2026-07-16 03:47:19.134671+00:00,2026-07-16 03:47:19.134671+00:00
21283,24236,preiskalkulation arbeitsbuch für kleinunternehmer,de,2026-07-16 03:47:19.134671+00:00,2026-07-16 03:47:19.134671+00:00
21284,24237,Migräne,de,2026-07-16 03:47:19.134671+00:00,2026-07-16 03:47:19.134671+00:00
21285,24238,Kindergarten Eingewöhnung,de,2026-07-16 03:47:19.134671+00:00,2026-07-16 03:47:19.134671+00:00
21286,24239,schlafprotokoll für schlafprobleme,de,2026-07-16 03:47:19.134671+00:00,2026-07-16 03:47:19.134671+00:00
21287,24241,adhs ernährung kochbuch,de,2026-07-16 03:47:19.134671+00:00,2026-07-16 03:47:19.134671+00:00
21288,24243,Altersvorsorge für Selbstständige,de,2026-07-16 03:47:19.134671+00:00,2026-07-16 03:47:19.134671+00:00
21289,24244,Online-Shop eröffnen,de,2026-07-16 03:47:19.134671+00:00,2026-07-16 03:47:19.134671+00:00
21290,24245,vokabeltrainer englisch für anfänger,de,2026-07-16 03:47:19.134671+00:00,2026-07-16 03:47:19.134671+00:00
21291,24246,backen für anfänger,de,2026-07-16 03:47:19.134671+00:00,2026-07-16 03:47:19.134671+00:00
21292,24248,Geschäftsidee,de,2026-07-16 03:47:19.134671+00:00,2026-07-16 03:47:19.134671+00:00
21293,24249,für den Arztbesuch,de,2026-07-16 03:47:19.134671+00:00,2026-07-16 03:47:19.134671+00:00
21294,24252,KI für Marketing,de,2026-07-16 03:47:19.134671+00:00,2026-07-16 03:47:19.134671+00:00
21295,24256,videotelefonie lernen für senioren,de,2026-07-16 03:47:19.134671+00:00,2026-07-16 03:47:19.134671+00:00
21296,24260,Fitness Tagebuch,de,2026-07-16 03:47:19.134671+00:00,2026-07-16 03:47:19.134671+00:00
21297,24261,mit wenig Zeit,de,2026-07-16 03:47:19.134671+00:00,2026-07-16 03:47:19.134671+00:00
21298,24264,etsy shop eröffnen für kreative,de,2026-07-16 03:47:19.134671+00:00,2026-07-16 03:47:19.134671+00:00
21299,24265,altersvorsorge ratgeber für berufseinsteiger,de,2026-07-16 03:47:19.134671+00:00,2026-07-16 03:47:19.134671+00:00
21300,24268,arbeitszimmer absetzen für homeoffice,de,2026-07-16 03:47:19.134671+00:00,2026-07-16 03:47:19.134671+00:00
21301,24042,für die Steuererklärung,de,2026-07-16 03:47:19.134671+00:00,2026-07-16 03:47:19.134671+00:00
21302,24274,Online-Business,de,2026-07-16 03:47:19.134671+00:00,2026-07-16 03:47:19.134671+00:00
21303,24275,Babyernährung,de,2026-07-16 03:47:19.134671+00:00,2026-07-16 03:47:19.134671+00:00
21304,24278,Ernährung Senioren,de,2026-07-16 03:47:19.134671+00:00,2026-07-16 03:47:19.134671+00:00
21305,24280,Online-Händler,de,2026-07-16 03:47:19.134671+00:00,2026-07-16 03:47:19.134671+00:00
21306,24282,alleine bleiben training für hunde,de,2026-07-16 03:47:19.134671+00:00,2026-07-16 03:47:19.134671+00:00
21307,24284,mathe lernplan für realschüler,de,2026-07-16 03:47:19.134671+00:00,2026-07-16 03:47:19.134671+00:00
21308,24286,shopify checkliste für online händler,de,2026-07-16 03:47:19.134671+00:00,2026-07-16 03:47:19.134671+00:00
21309,24293,seitenwechsel in die selbstständigkeit,de,2026-07-16 03:47:19.134671+00:00,2026-07-16 03:47:19.134671+00:00
21310,24295,selbstfürsorge für pflegende angehörige,de,2026-07-16 03:47:19.134671+00:00,2026-07-16 03:47:19.134671+00:00
21311,24297,demenz beschäftigung ideen für senioren,de,2026-07-16 03:47:19.134671+00:00,2026-07-16 03:47:19.134671+00:00
21312,24299,zum Berufseinstieg,de,2026-07-16 03:47:19.134671+00:00,2026-07-16 03:47:19.134671+00:00
21313,24300,yoga für anfänger arbeitsbuch,de,2026-07-16 03:47:19.134671+00:00,2026-07-16 03:47:19.134671+00:00
21314,24301,wordpress checkliste für anfänger,de,2026-07-16 03:47:19.134671+00:00,2026-07-16 03:47:19.134671+00:00
21315,24302,KI für Senioren,de,2026-07-16 03:47:19.134671+00:00,2026-07-16 03:47:19.134671+00:00
21316,24304,ChatGPT für Bewerbungen,de,2026-07-16 03:47:19.134671+00:00,2026-07-16 03:47:19.134671+00:00
21317,24305,KI für Steuerberater,de,2026-07-16 03:47:19.134671+00:00,2026-07-16 03:47:19.134671+00:00
21318,24309,für den Schulalltag,de,2026-07-16 03:47:19.134671+00:00,2026-07-16 03:47:19.134671+00:00
21319,24310,KI für Coaches,de,2026-07-16 03:47:19.134671+00:00,2026-07-16 03:47:19.134671+00:00
21320,24313,Müdigkeit,de,2026-07-16 03:47:19.134671+00:00,2026-07-16 03:47:19.134671+00:00
21321,24314,linkedin profil optimierung für berufstätige,de,2026-07-16 03:47:19.134671+00:00,2026-07-16 03:47:19.134671+00:00
21322,24316,angsthund tagebuch für hundehalter,de,2026-07-16 03:47:19.134671+00:00,2026-07-16 03:47:19.134671+00:00
21323,24317,verhinderungspflege planer für familien,de,2026-07-16 03:47:19.134671+00:00,2026-07-16 03:47:19.134671+00:00
21324,24320,social media planer für kleinunternehmer,de,2026-07-16 03:47:19.134671+00:00,2026-07-16 03:47:19.134671+00:00
21325,24321,E-Commerce,de,2026-07-16 03:47:19.134671+00:00,2026-07-16 03:47:19.134671+00:00
21326,24322,google kalender organisation für berufstätige,de,2026-07-16 03:47:19.134671+00:00,2026-07-16 03:47:19.134671+00:00
21327,24325,adhs haushalt organisieren für erwachsene,de,2026-07-16 03:47:19.134671+00:00,2026-07-16 03:47:19.134671+00:00
21328,24326,lernplaner für abiturienten,de,2026-07-16 03:47:19.134671+00:00,2026-07-16 03:47:19.134671+00:00
21329,24328,Katzen Eingewöhnung,de,2026-07-16 03:47:19.134671+00:00,2026-07-16 03:47:19.134671+00:00
21330,24329,Elektrofachkraft Prüfung,de,2026-07-16 03:47:19.134671+00:00,2026-07-16 03:47:19.134671+00:00
21331,24330,hundebegegnungen trainingsjournal für hundehalter,de,2026-07-16 03:47:19.134671+00:00,2026-07-16 03:47:19.134671+00:00
21332,24331,für das Büro,de,2026-07-16 03:47:19.134671+00:00,2026-07-16 03:47:19.134671+00:00
21333,24332,Bürokaufmann Prüfung,de,2026-07-16 03:47:19.134671+00:00,2026-07-16 03:47:19.134671+00:00
21334,24333,Steuerfachangestelltenprüfung,de,2026-07-16 03:47:19.134671+00:00,2026-07-16 03:47:19.134671+00:00
21335,24336,Nähen,de,2026-07-16 03:47:19.134671+00:00,2026-07-16 03:47:19.134671+00:00
21336,24337,laufplan für anfänger,de,2026-07-16 03:47:19.134671+00:00,2026-07-16 03:47:19.134671+00:00
21337,24342,für zu Hause,de,2026-07-16 03:47:19.134671+00:00,2026-07-16 03:47:19.134671+00:00
21338,24344,KI für Content Creation,de,2026-07-16 03:47:19.134671+00:00,2026-07-16 03:47:19.134671+00:00
21339,24348,Work-Life-Balance,de,2026-07-16 03:47:19.134671+00:00,2026-07-16 03:47:19.134671+00:00
21340,24349,Katzen Eingewöhnung,de,2026-07-16 03:47:19.134671+00:00,2026-07-16 03:47:19.134671+00:00
21341,24351,urlaubsplaner für familien,de,2026-07-16 03:47:19.134671+00:00,2026-07-16 03:47:19.134671+00:00
21342,24353,Vielbeschäftigte,de,2026-07-16 03:47:19.134671+00:00,2026-07-16 03:47:19.134671+00:00
21343,24358,hochbeet bauanleitung für einsteiger,de,2026-07-16 03:47:19.134671+00:00,2026-07-16 03:47:19.134671+00:00
21344,24360,Online-Marketing,de,2026-07-16 03:47:19.134671+00:00,2026-07-16 03:47:19.134671+00:00
21345,24364,Versicherung für Selbstständige,de,2026-07-16 03:47:19.134671+00:00,2026-07-16 03:47:19.134671+00:00
21346,24365,steuerklassen wechsel checkliste für ehepaare,de,2026-07-16 03:47:19.134671+00:00,2026-07-16 03:47:19.134671+00:00
21347,24367,arzttermin planer für patienten,de,2026-07-16 03:47:19.134671+00:00,2026-07-16 03:47:19.134671+00:00
21348,24368,EÜR,de,2026-07-16 03:47:19.134671+00:00,2026-07-16 03:47:19.134671+00:00
21349,24370,dropshipping einstieg für anfänger,de,2026-07-16 03:47:19.134671+00:00,2026-07-16 03:47:19.134671+00:00
21350,24372,KI für Friseure,de,2026-07-16 03:47:19.134671+00:00,2026-07-16 03:47:19.134671+00:00
21351,24373,KI für Social Media,de,2026-07-16 03:47:19.134671+00:00,2026-07-16 03:47:19.134671+00:00
21352,24374,KI für Architekten,de,2026-07-16 03:47:19.134671+00:00,2026-07-16 03:47:19.134671+00:00
21353,24375,KI für Ärzte,de,2026-07-16 03:47:19.134671+00:00,2026-07-16 03:47:19.134671+00:00
21354,24376,fitness zuhause für senioren,de,2026-07-16 03:47:19.134671+00:00,2026-07-16 03:47:19.134671+00:00
21355,24377,smart home einstieg für anfänger,de,2026-07-16 03:47:19.134671+00:00,2026-07-16 03:47:19.134671+00:00
21356,24378,KI für Datenanalysten,de,2026-07-16 03:47:19.134671+00:00,2026-07-16 03:47:19.134671+00:00
21357,24057,zur Existenzgründung,de,2026-07-16 03:47:19.134671+00:00,2026-07-16 03:47:19.134671+00:00
21358,24388,zuckerfrei kochbuch für einsteiger,de,2026-07-16 03:47:19.134671+00:00,2026-07-16 03:47:19.134671+00:00
21359,24164,in der Pubertät,de,2026-07-16 03:47:19.134671+00:00,2026-07-16 03:47:19.134671+00:00
21360,24392,für den Behördengang,de,2026-07-16 03:47:19.134671+00:00,2026-07-16 03:47:19.134671+00:00
21361,24393,jobwechsel planer für berufstätige,de,2026-07-16 03:47:19.134671+00:00,2026-07-16 03:47:19.134671+00:00
21362,24400,vokabeltrainer für gymnasium,de,2026-07-16 03:47:19.134671+00:00,2026-07-16 03:47:19.134671+00:00
21363,24403,Bürokaufmann,de,2026-07-16 03:47:19.134671+00:00,2026-07-16 03:47:19.134671+00:00
21364,24404,Kinderernährung,de,2026-07-16 03:47:19.134671+00:00,2026-07-16 03:47:19.134671+00:00
21365,24406,gehaltsverhandlung vorbereitung für berufstätige,de,2026-07-16 03:47:19.134671+00:00,2026-07-16 03:47:19.134671+00:00
21366,24417,Aufträge verhandeln,de,2026-07-16 03:47:19.134671+00:00,2026-07-16 03:47:19.134671+00:00
21367,24419,symptomtagebuch für arztbesuche,de,2026-07-16 03:47:19.134671+00:00,2026-07-16 03:47:19.134671+00:00
21368,24421,Programmieren Lernen tagebuch für Eltern,de,2026-07-16 03:47:19.134671+00:00,2026-07-16 03:47:19.134671+00:00
21369,24422,Menschen mit Hörbehinderung,de,2026-07-16 03:47:19.134671+00:00,2026-07-16 03:47:19.134671+00:00
21370,24423,freibeträge checkliste für arbeitnehmer,de,2026-07-16 03:47:19.134671+00:00,2026-07-16 03:47:19.134671+00:00
21371,24424,Leseschwäche,de,2026-07-16 03:47:19.134671+00:00,2026-07-16 03:47:19.134671+00:00
21372,24431,E-Mail-Flut,de,2026-07-16 03:47:19.134671+00:00,2026-07-16 03:47:19.134671+00:00
21373,24432,geld sparen challenge für familien,de,2026-07-16 03:47:19.134671+00:00,2026-07-16 03:47:19.134671+00:00
21374,24433,KI für Gastronomen,de,2026-07-16 03:47:19.134671+00:00,2026-07-16 03:47:19.134671+00:00
21375,24435,KI für E-Mails,de,2026-07-16 03:47:19.134671+00:00,2026-07-16 03:47:19.134671+00:00
21376,24436,DALL-E,de,2026-07-16 03:47:19.134671+00:00,2026-07-16 03:47:19.134671+00:00
21377,24438,KI für Anwälte,de,2026-07-16 03:47:19.134671+00:00,2026-07-16 03:47:19.134671+00:00
21378,24439,Hobby tagebuch für Erwachsene,de,2026-07-16 03:47:19.134671+00:00,2026-07-16 03:47:19.134671+00:00
21379,24440,KI für Designer,de,2026-07-16 03:47:19.134671+00:00,2026-07-16 03:47:19.134671+00:00
21380,24441,krafttraining plan für einsteiger,de,2026-07-16 03:47:19.134671+00:00,2026-07-16 03:47:19.134671+00:00
21381,24443,Aquaristik arbeitsbuch für Eltern,de,2026-07-16 03:47:19.134671+00:00,2026-07-16 03:47:19.134671+00:00
21382,24447,in den Wechseljahren,de,2026-07-16 03:47:19.134671+00:00,2026-07-16 03:47:19.134671+00:00
21383,24448,sprachlernplan für auswanderer,de,2026-07-16 03:47:19.134671+00:00,2026-07-16 03:47:19.134671+00:00
21384,24449,ChatGPT für Kreative,de,2026-07-16 03:47:19.134671+00:00,2026-07-16 03:47:19.134671+00:00
21385,24450,nach der Diagnose,de,2026-07-16 03:47:19.134671+00:00,2026-07-16 03:47:19.134671+00:00
21386,24451,demenz ernährung ratgeber für angehörige,de,2026-07-16 03:47:19.134671+00:00,2026-07-16 03:47:19.134671+00:00
21387,24455,pflegetagebuch für demenz,de,2026-07-16 03:47:19.134671+00:00,2026-07-16 03:47:19.134671+00:00
21388,24457,LKW-Führerschein,de,2026-07-16 03:47:19.134671+00:00,2026-07-16 03:47:19.134671+00:00
21389,24458,Passwörter organisieren,de,2026-07-16 03:47:19.134671+00:00,2026-07-16 03:47:19.134671+00:00
21390,24460,Programmieren Lernen arbeitsbuch für Erwachsene,de,2026-07-16 03:47:19.134671+00:00,2026-07-16 03:47:19.134671+00:00
21391,24462,outlook inbox zero für büro,de,2026-07-16 03:47:19.134671+00:00,2026-07-16 03:47:19.134671+00:00
21392,24463,Kleintiere tagebuch für Eltern,de,2026-07-16 03:47:19.134671+00:00,2026-07-16 03:47:19.134671+00:00
21393,24464,klassenarbeit vorbereitung für schüler,de,2026-07-16 03:47:19.134671+00:00,2026-07-16 03:47:19.134671+00:00
21394,24468,Aquaristik tagebuch für Erwachsene,de,2026-07-16 03:47:19.134671+00:00,2026-07-16 03:47:19.134671+00:00
21395,24469,homeoffice einrichtung checkliste für berufstätige,de,2026-07-16 03:47:19.134671+00:00,2026-07-16 03:47:19.134671+00:00
21396,24470,futtertagebuch hund für tierhalter,de,2026-07-16 03:47:19.134671+00:00,2026-07-16 03:47:19.134671+00:00
21397,24472,Industriekaufmann Prüfung,de,2026-07-16 03:47:19.134671+00:00,2026-07-16 03:47:19.134671+00:00
21398,24473,zeugnis verbessern planer für schüler,de,2026-07-16 03:47:19.134671+00:00,2026-07-16 03:47:19.134671+00:00
21399,24476,Erste-Hilfe-Kurs,de,2026-07-16 03:47:19.134671+00:00,2026-07-16 03:47:19.134671+00:00
21400,24477,Hundeernährung,de,2026-07-16 03:47:19.134671+00:00,2026-07-16 03:47:19.134671+00:00
21401,24478,Wutausbrüche Kind,de,2026-07-16 03:47:19.134671+00:00,2026-07-16 03:47:19.134671+00:00
21402,24479,Hobby arbeitsbuch für Eltern,de,2026-07-16 03:47:19.134671+00:00,2026-07-16 03:47:19.134671+00:00
21403,24480,zeitmanagement arbeitsbuch für selbstständige,de,2026-07-16 03:47:19.134671+00:00,2026-07-16 03:47:19.134671+00:00
21404,24481,Steuern tagebuch für Eltern,de,2026-07-16 03:47:19.134671+00:00,2026-07-16 03:47:19.134671+00:00
21405,24483,Steuern arbeitsbuch für Erwachsene,de,2026-07-16 03:47:19.134671+00:00,2026-07-16 03:47:19.134671+00:00
21406,24485,ernährungsplan für senioren,de,2026-07-16 03:47:19.134671+00:00,2026-07-16 03:47:19.134671+00:00
21407,24486,Autismus tagebuch für Erwachsene,de,2026-07-16 03:47:19.134671+00:00,2026-07-16 03:47:19.134671+00:00
21408,24488,wohnungsübergabe protokoll für mieter,de,2026-07-16 03:47:19.134671+00:00,2026-07-16 03:47:19.134671+00:00
21409,24491,adhs zeitblindheit überwinden,de,2026-07-16 03:47:19.134671+00:00,2026-07-16 03:47:19.134671+00:00
21410,24492,Fläschchen,de,2026-07-16 03:47:19.134671+00:00,2026-07-16 03:47:19.134671+00:00
21411,24493,Männer,de,2026-07-16 03:47:19.134671+00:00,2026-07-16 03:47:19.134671+00:00
21412,24495,auslandsumzug checkliste für expats,de,2026-07-16 03:47:19.134671+00:00,2026-07-16 03:47:19.134671+00:00
21413,24496,Bullet Journal,de,2026-07-16 03:47:19.134671+00:00,2026-07-16 03:47:19.134671+00:00
21414,24498,bei Schichtarbeit,de,2026-07-16 03:47:19.134671+00:00,2026-07-16 03:47:19.134671+00:00
21415,24503,entlastungsbetrag checkliste für angehörige,de,2026-07-16 03:47:19.134671+00:00,2026-07-16 03:47:19.134671+00:00
21416,24504,adhs medikamenten tagebuch,de,2026-07-16 03:47:19.134671+00:00,2026-07-16 03:47:19.134671+00:00
21417,24506,Kleintiere arbeitsbuch für Erwachsene,de,2026-07-16 03:47:19.134671+00:00,2026-07-16 03:47:19.134671+00:00
21418,24508,KI für Buchhaltung,de,2026-07-16 03:47:19.134671+00:00,2026-07-16 03:47:19.134671+00:00
21419,24509,Autismus arbeitsbuch für Eltern,de,2026-07-16 03:47:19.134671+00:00,2026-07-16 03:47:19.134671+00:00
21420,24510,powerpoint vorlagen für berufseinsteiger,de,2026-07-16 03:47:19.134671+00:00,2026-07-16 03:47:19.134671+00:00
21421,24511,Lebensmittelunverträglichkeiten,de,2026-07-16 03:47:19.134671+00:00,2026-07-16 03:47:19.134671+00:00
21422,24513,balkongarten für anfänger,de,2026-07-16 03:47:19.134671+00:00,2026-07-16 03:47:19.134671+00:00
21423,24515,vegetarisch kochen für familien,de,2026-07-16 03:47:19.134671+00:00,2026-07-16 03:47:19.134671+00:00
21424,24516,für die Nachtschicht,de,2026-07-16 03:47:19.134671+00:00,2026-07-16 03:47:19.134671+00:00
21425,24517,Angeln arbeitsbuch für Senioren,de,2026-07-16 03:47:19.134671+00:00,2026-07-16 03:47:19.134671+00:00
21426,24518,Aquaristik planer für Einsteiger,de,2026-07-16 03:47:19.134671+00:00,2026-07-16 03:47:19.134671+00:00
21427,24519,Aquaristik praxisbuch für Senioren,de,2026-07-16 03:47:19.134671+00:00,2026-07-16 03:47:19.134671+00:00
21428,24520,Programmieren Lernen planer für Senioren,de,2026-07-16 03:47:19.134671+00:00,2026-07-16 03:47:19.134671+00:00
21429,24521,Kleintiere praxisbuch für Einsteiger,de,2026-07-16 03:47:19.134671+00:00,2026-07-16 03:47:19.134671+00:00
21430,24522,Haushalt arbeitsbuch für Senioren,de,2026-07-16 03:47:19.134671+00:00,2026-07-16 03:47:19.134671+00:00
21431,24523,Kleintiere planer für Senioren,de,2026-07-16 03:47:19.134671+00:00,2026-07-16 03:47:19.134671+00:00
21432,24524,Zielplanung tagebuch für Einsteiger,de,2026-07-16 03:47:19.134671+00:00,2026-07-16 03:47:19.134671+00:00
21433,24525,Programmieren Lernen praxisbuch für Einsteiger,de,2026-07-16 03:47:19.134671+00:00,2026-07-16 03:47:19.134671+00:00
21434,24526,Angeln tagebuch für Einsteiger,de,2026-07-16 03:47:19.134671+00:00,2026-07-16 03:47:19.134671+00:00
21435,24527,Autismus praxisbuch für Senioren,de,2026-07-16 03:47:19.134671+00:00,2026-07-16 03:47:19.134671+00:00
21436,24528,Steuern planer für Senioren,de,2026-07-16 03:47:19.134671+00:00,2026-07-16 03:47:19.134671+00:00
21437,24529,Garten arbeitsbuch für Einsteiger,de,2026-07-16 03:47:19.134671+00:00,2026-07-16 03:47:19.134671+00:00
21438,24530,Produktivitaet arbeitsbuch für Einsteiger,de,2026-07-16 03:47:19.134671+00:00,2026-07-16 03:47:19.134671+00:00
21439,24531,Garten tagebuch für Senioren,de,2026-07-16 03:47:19.134671+00:00,2026-07-16 03:47:19.134671+00:00
21440,24532,Journaling tagebuch für Senioren,de,2026-07-16 03:47:19.134671+00:00,2026-07-16 03:47:19.134671+00:00
21441,24533,Autismus planer für Einsteiger,de,2026-07-16 03:47:19.134671+00:00,2026-07-16 03:47:19.134671+00:00
21442,24534,Steuern praxisbuch für Einsteiger,de,2026-07-16 03:47:19.134671+00:00,2026-07-16 03:47:19.134671+00:00
21443,24535,Hobby planer für Einsteiger,de,2026-07-16 03:47:19.134671+00:00,2026-07-16 03:47:19.134671+00:00
21444,24536,Hobby praxisbuch für Senioren,de,2026-07-16 03:47:19.134671+00:00,2026-07-16 03:47:19.134671+00:00
21445,24537,Zielplanung arbeitsbuch für Senioren,de,2026-07-16 03:47:19.134671+00:00,2026-07-16 03:47:19.134671+00:00
21446,24538,Produktivitaet tagebuch für Senioren,de,2026-07-16 03:47:19.134671+00:00,2026-07-16 03:47:19.134671+00:00
21447,24539,Journaling arbeitsbuch für Einsteiger,de,2026-07-16 03:47:19.134671+00:00,2026-07-16 03:47:19.134671+00:00
21448,24540,Haushalt tagebuch für Einsteiger,de,2026-07-16 03:47:19.134671+00:00,2026-07-16 03:47:19.134671+00:00
21449,24541,Personal Hr tagebuch für Studenten,de,2026-07-16 03:47:19.134671+00:00,2026-07-16 03:47:19.134671+00:00
21450,24542,Führerschein Klasse A,de,2026-07-16 03:47:19.134671+00:00,2026-07-16 03:47:19.134671+00:00
21451,24543,Autismus vorlagenbuch für Studenten,de,2026-07-16 03:47:19.134671+00:00,2026-07-16 03:47:19.134671+00:00
21452,24547,Autismus checkliste für Anfaenger,de,2026-07-16 03:47:19.134671+00:00,2026-07-16 03:47:19.134671+00:00
21453,24549,Beschäftigung Kinder,de,2026-07-16 03:47:19.134671+00:00,2026-07-16 03:47:19.134671+00:00
21454,24553,KI für Bewerbungen,de,2026-07-16 03:47:19.134671+00:00,2026-07-16 03:47:19.134671+00:00
21455,24573,Katze kratzt Möbel,de,2026-07-16 03:47:19.134671+00:00,2026-07-16 03:47:19.134671+00:00
21456,24576,Reha Tagebuch,de,2026-07-16 03:47:19.134671+00:00,2026-07-16 03:47:19.134671+00:00
21457,24578,KI für Buchhalter,de,2026-07-16 03:47:19.134671+00:00,2026-07-16 03:47:19.134671+00:00
21458,24581,Hundeführerschein,de,2026-07-16 03:47:19.134671+00:00,2026-07-16 03:47:19.134671+00:00
21459,24591,für unterwegs,de,2026-07-16 03:47:19.134671+00:00,2026-07-16 03:47:19.134671+00:00
21460,24592,für die Therapie,de,2026-07-16 03:47:19.134671+00:00,2026-07-16 03:47:19.134671+00:00
21461,24593,während der Reha,de,2026-07-16 03:47:19.134671+00:00,2026-07-16 03:47:19.134671+00:00
21462,24594,blutdruck messen anleitung für anfänger,de,2026-07-16 03:47:19.134671+00:00,2026-07-16 03:47:19.134671+00:00
21463,24595,hausnotruf checkliste für senioren,de,2026-07-16 03:47:19.134671+00:00,2026-07-16 03:47:19.134671+00:00
21464,24596,tierarzt notizbuch für hundehalter,de,2026-07-16 03:47:19.134671+00:00,2026-07-16 03:47:19.134671+00:00
21465,24597,angebotsvorlage für handwerker,de,2026-07-16 03:47:19.134671+00:00,2026-07-16 03:47:19.134671+00:00
21466,24598,nebenkostenabrechnung prüfen für mieter,de,2026-07-16 03:47:19.134671+00:00,2026-07-16 03:47:19.134671+00:00
21467,24599,referat vorbereitung checkliste für schüler,de,2026-07-16 03:47:19.134671+00:00,2026-07-16 03:47:19.134671+00:00
21468,24600,netzwerken lernen für berufseinsteiger,de,2026-07-16 03:47:19.134671+00:00,2026-07-16 03:47:19.134671+00:00
21469,24601,gedächtnistraining für senioren,de,2026-07-16 03:47:19.134671+00:00,2026-07-16 03:47:19.134671+00:00
21470,24602,grillrezepte für anfänger,de,2026-07-16 03:47:19.134671+00:00,2026-07-16 03:47:19.134671+00:00
21471,24603,adhs schlaf verbessern für erwachsene,de,2026-07-16 03:47:19.134671+00:00,2026-07-16 03:47:19.134671+00:00
21472,24604,dehnübungen für büroberufe,de,2026-07-16 03:47:19.134671+00:00,2026-07-16 03:47:19.134671+00:00
21473,24605,karton beschriftung system für umzüge,de,2026-07-16 03:47:19.134671+00:00,2026-07-16 03:47:19.134671+00:00
21474,24606,rasenpflege kalender für hausbesitzer,de,2026-07-16 03:47:19.134671+00:00,2026-07-16 03:47:19.134671+00:00
21475,24607,elster einrichtung für anfänger,de,2026-07-16 03:47:19.134671+00:00,2026-07-16 03:47:19.134671+00:00
21476,24608,kindergeld checkliste für eltern,de,2026-07-16 03:47:19.134671+00:00,2026-07-16 03:47:19.134671+00:00
21477,24609,produktfotografie für online shops,de,2026-07-16 03:47:19.134671+00:00,2026-07-16 03:47:19.134671+00:00
21478,24611,wlan optimierung für zuhause,de,2026-07-16 03:47:19.134671+00:00,2026-07-16 03:47:19.134671+00:00
21479,24613,demenz tagesablauf planer,de,2026-07-16 03:47:19.134671+00:00,2026-07-16 03:47:19.134671+00:00
21480,24615,speed reading training für studenten,de,2026-07-16 03:47:19.134671+00:00,2026-07-16 03:47:19.134671+00:00
21481,24616,prüfungsangst überwinden für studenten,de,2026-07-16 03:47:19.134671+00:00,2026-07-16 03:47:19.134671+00:00
21482,24617,Angeln praxisbuch für Studenten,de,2026-07-16 03:47:19.134671+00:00,2026-07-16 03:47:19.134671+00:00
21483,24618,Angeln planer für Anfaenger,de,2026-07-16 03:47:19.134671+00:00,2026-07-16 03:47:19.134671+00:00
21484,24619,Vogelhaltung arbeitsbuch für Studenten,de,2026-07-16 03:47:19.134671+00:00,2026-07-16 03:47:19.134671+00:00
21485,24620,Vogelhaltung tagebuch für Anfaenger,de,2026-07-16 03:47:19.134671+00:00,2026-07-16 03:47:19.134671+00:00
21486,24621,Kleintiere vorlagenbuch für Anfaenger,de,2026-07-16 03:47:19.134671+00:00,2026-07-16 03:47:19.134671+00:00
21487,24622,Kleintiere checkliste für Studenten,de,2026-07-16 03:47:19.134671+00:00,2026-07-16 03:47:19.134671+00:00
21488,24623,Journaling praxisbuch für Anfaenger,de,2026-07-16 03:47:19.134671+00:00,2026-07-16 03:47:19.134671+00:00
21489,24624,Journaling planer für Studenten,de,2026-07-16 03:47:19.134671+00:00,2026-07-16 03:47:19.134671+00:00
21490,24625,It arbeitsbuch für Anfaenger,de,2026-07-16 03:47:19.134671+00:00,2026-07-16 03:47:19.134671+00:00
21491,24626,It tagebuch für Studenten,de,2026-07-16 03:47:19.134671+00:00,2026-07-16 03:47:19.134671+00:00
21492,24628,Reise Umzug tagebuch für Studenten,de,2026-07-16 03:47:19.134671+00:00,2026-07-16 03:47:19.134671+00:00
21493,24629,Reise Umzug arbeitsbuch für Anfaenger,de,2026-07-16 03:47:19.134671+00:00,2026-07-16 03:47:19.134671+00:00
21494,24630,Garten planer für Studenten,de,2026-07-16 03:47:19.134671+00:00,2026-07-16 03:47:19.134671+00:00
21495,24631,Garten praxisbuch für Anfaenger,de,2026-07-16 03:47:19.134671+00:00,2026-07-16 03:47:19.134671+00:00
21496,24632,Steuern checkliste für Studenten,de,2026-07-16 03:47:19.134671+00:00,2026-07-16 03:47:19.134671+00:00
21497,24633,Steuern vorlagenbuch für Anfaenger,de,2026-07-16 03:47:19.134671+00:00,2026-07-16 03:47:19.134671+00:00
21498,24634,Aquaristik vorlagenbuch für Studenten,de,2026-07-16 03:47:19.134671+00:00,2026-07-16 03:47:19.134671+00:00
21499,24635,Aquaristik checkliste für Anfaenger,de,2026-07-16 03:47:19.134671+00:00,2026-07-16 03:47:19.134671+00:00
21500,24636,Zielplanung praxisbuch für Studenten,de,2026-07-16 03:47:19.134671+00:00,2026-07-16 03:47:19.134671+00:00
21501,24637,Zielplanung planer für Anfaenger,de,2026-07-16 03:47:19.134671+00:00,2026-07-16 03:47:19.134671+00:00
21502,24638,Zeitmanagement arbeitsbuch für Studenten,de,2026-07-16 03:47:19.134671+00:00,2026-07-16 03:47:19.134671+00:00
21503,24639,Zeitmanagement tagebuch für Anfaenger,de,2026-07-16 03:47:19.134671+00:00,2026-07-16 03:47:19.134671+00:00
21504,24641,Fotografie Video tagebuch für Anfaenger,de,2026-07-16 03:47:19.134671+00:00,2026-07-16 03:47:19.134671+00:00
21505,24642,Fotografie Video arbeitsbuch für Studenten,de,2026-07-16 03:47:19.134671+00:00,2026-07-16 03:47:19.134671+00:00
21506,24643,Haushalt planer für Anfaenger,de,2026-07-16 03:47:19.134671+00:00,2026-07-16 03:47:19.134671+00:00
21507,24644,Haushalt praxisbuch für Studenten,de,2026-07-16 03:47:19.134671+00:00,2026-07-16 03:47:19.134671+00:00
21508,24645,Hobby checkliste für Anfaenger,de,2026-07-16 03:47:19.134671+00:00,2026-07-16 03:47:19.134671+00:00
21509,24646,Hobby vorlagenbuch für Studenten,de,2026-07-16 03:47:19.134671+00:00,2026-07-16 03:47:19.134671+00:00
21510,24647,Programmieren Lernen vorlagenbuch für Anfaenger,de,2026-07-16 03:47:19.134671+00:00,2026-07-16 03:47:19.134671+00:00
21511,24648,Programmieren Lernen checkliste für Studenten,de,2026-07-16 03:47:19.134671+00:00,2026-07-16 03:47:19.134671+00:00
21512,24649,Produktivitaet praxisbuch für Anfaenger,de,2026-07-16 03:47:19.134671+00:00,2026-07-16 03:47:19.134671+00:00
21513,24650,Produktivitaet planer für Studenten,de,2026-07-16 03:47:19.134671+00:00,2026-07-16 03:47:19.134671+00:00
21514,24651,Personal Hr arbeitsbuch für Anfaenger,de,2026-07-16 03:47:19.134671+00:00,2026-07-16 03:47:19.134671+00:00
21515,24652,Steuern leitfaden für Jugendliche,de,2026-07-16 03:47:19.134671+00:00,2026-07-16 03:47:19.134671+00:00
21516,24653,Kleintiere ratgeber für Berufstaetige,de,2026-07-16 03:47:19.134671+00:00,2026-07-16 03:47:19.134671+00:00
21517,24654,Programmieren Lernen ratgeber für Berufstaetige,de,2026-07-16 03:47:19.134671+00:00,2026-07-16 03:47:19.134671+00:00
21518,24655,Personal Hr planer für Berufstaetige,de,2026-07-16 03:47:19.134671+00:00,2026-07-16 03:47:19.134671+00:00
21519,24656,It praxisbuch für Jugendliche,de,2026-07-16 03:47:19.134671+00:00,2026-07-16 03:47:19.134671+00:00
21520,24657,Zeitmanagement praxisbuch für Berufstaetige,de,2026-07-16 03:47:19.134671+00:00,2026-07-16 03:47:19.134671+00:00
21521,24658,Angeln checkliste für Jugendliche,de,2026-07-16 03:47:19.134671+00:00,2026-07-16 03:47:19.134671+00:00
21522,24659,Personal Hr praxisbuch für Jugendliche,de,2026-07-16 03:47:19.134671+00:00,2026-07-16 03:47:19.134671+00:00
21523,24660,Angeln vorlagenbuch für Berufstaetige,de,2026-07-16 03:47:19.134671+00:00,2026-07-16 03:47:19.134671+00:00
21524,24661,Steuern ratgeber für Berufstaetige,de,2026-07-16 03:47:19.134671+00:00,2026-07-16 03:47:19.134671+00:00
21525,24662,It planer für Berufstaetige,de,2026-07-16 03:47:19.134671+00:00,2026-07-16 03:47:19.134671+00:00
21526,24663,Aquaristik leitfaden für Berufstaetige,de,2026-07-16 03:47:19.134671+00:00,2026-07-16 03:47:19.134671+00:00
21527,24664,Hobby leitfaden für Berufstaetige,de,2026-07-16 03:47:19.134671+00:00,2026-07-16 03:47:19.134671+00:00
21528,24665,Journaling checkliste für Berufstaetige,de,2026-07-16 03:47:19.134671+00:00,2026-07-16 03:47:19.134671+00:00
21529,24666,Familiengeschichte tagebuch für Jugendliche,de,2026-07-16 03:47:19.134671+00:00,2026-07-16 03:47:19.134671+00:00
21530,24667,Industrie Produktion tagebuch für Berufstaetige,de,2026-07-16 03:47:19.134671+00:00,2026-07-16 03:47:19.134671+00:00
21531,24668,Verbraucherrechte arbeitsbuch für Berufstaetige,de,2026-07-16 03:47:19.134671+00:00,2026-07-16 03:47:19.134671+00:00
21532,24669,Reise Umzug praxisbuch für Jugendliche,de,2026-07-16 03:47:19.134671+00:00,2026-07-16 03:47:19.134671+00:00
21533,24670,Garten checkliste für Berufstaetige,de,2026-07-16 03:47:19.134671+00:00,2026-07-16 03:47:19.134671+00:00
21534,24671,Journaling vorlagenbuch für Jugendliche,de,2026-07-16 03:47:19.134671+00:00,2026-07-16 03:47:19.134671+00:00
21535,24672,Zeichnen tagebuch für Jugendliche,de,2026-07-16 03:47:19.134671+00:00,2026-07-16 03:47:19.134671+00:00
21536,24673,Fotografie Video planer für Jugendliche,de,2026-07-16 03:47:19.134671+00:00,2026-07-16 03:47:19.134671+00:00
21537,24674,Programmieren Lernen leitfaden für Jugendliche,de,2026-07-16 03:47:19.134671+00:00,2026-07-16 03:47:19.134671+00:00
21538,24675,Zeichnen arbeitsbuch für Berufstaetige,de,2026-07-16 03:47:19.134671+00:00,2026-07-16 03:47:19.134671+00:00
21539,24676,Zeitmanagement planer für Jugendliche,de,2026-07-16 03:47:19.134671+00:00,2026-07-16 03:47:19.134671+00:00
21540,24677,Hobby ratgeber für Jugendliche,de,2026-07-16 03:47:19.134671+00:00,2026-07-16 03:47:19.134671+00:00
21541,24678,Office Verwaltung tagebuch für Berufstaetige,de,2026-07-16 03:47:19.134671+00:00,2026-07-16 03:47:19.134671+00:00
21542,24679,Produktivitaet vorlagenbuch für Jugendliche,de,2026-07-16 03:47:19.134671+00:00,2026-07-16 03:47:19.134671+00:00
21543,24680,Autismus leitfaden für Berufstaetige,de,2026-07-16 03:47:19.134671+00:00,2026-07-16 03:47:19.134671+00:00
21544,24681,Familiengeschichte arbeitsbuch für Berufstaetige,de,2026-07-16 03:47:19.134671+00:00,2026-07-16 03:47:19.134671+00:00
21545,24682,Haushalt checkliste für Jugendliche,de,2026-07-16 03:47:19.134671+00:00,2026-07-16 03:47:19.134671+00:00
21546,24683,Produktivitaet checkliste für Berufstaetige,de,2026-07-16 03:47:19.134671+00:00,2026-07-16 03:47:19.134671+00:00
21547,24684,Kleintiere leitfaden für Jugendliche,de,2026-07-16 03:47:19.134671+00:00,2026-07-16 03:47:19.134671+00:00
21548,24685,Aquaristik ratgeber für Jugendliche,de,2026-07-16 03:47:19.134671+00:00,2026-07-16 03:47:19.134671+00:00
21549,24686,Zielplanung checkliste für Jugendliche,de,2026-07-16 03:47:19.134671+00:00,2026-07-16 03:47:19.134671+00:00
21550,24687,Reise Umzug planer für Berufstaetige,de,2026-07-16 03:47:19.134671+00:00,2026-07-16 03:47:19.134671+00:00
21551,24688,Garten vorlagenbuch für Jugendliche,de,2026-07-16 03:47:19.134671+00:00,2026-07-16 03:47:19.134671+00:00
21552,24689,Fotografie Video praxisbuch für Berufstaetige,de,2026-07-16 03:47:19.134671+00:00,2026-07-16 03:47:19.134671+00:00
21553,24690,Vogelhaltung planer für Jugendliche,de,2026-07-16 03:47:19.134671+00:00,2026-07-16 03:47:19.134671+00:00
21554,24691,Fitness Sport tagebuch für Berufstaetige,de,2026-07-16 03:47:19.134671+00:00,2026-07-16 03:47:19.134671+00:00
21555,24692,Autismus ratgeber für Jugendliche,de,2026-07-16 03:47:19.134671+00:00,2026-07-16 03:47:19.134671+00:00
21556,24693,Fitness Sport arbeitsbuch für Jugendliche,de,2026-07-16 03:47:19.134671+00:00,2026-07-16 03:47:19.134671+00:00
21557,24694,Office Verwaltung arbeitsbuch für Jugendliche,de,2026-07-16 03:47:19.134671+00:00,2026-07-16 03:47:19.134671+00:00
21558,24695,Zielplanung vorlagenbuch für Berufstaetige,de,2026-07-16 03:47:19.134671+00:00,2026-07-16 03:47:19.134671+00:00
21559,24696,Verbraucherrechte tagebuch für Jugendliche,de,2026-07-16 03:47:19.134671+00:00,2026-07-16 03:47:19.134671+00:00
21560,24697,Haushalt vorlagenbuch für Berufstaetige,de,2026-07-16 03:47:19.134671+00:00,2026-07-16 03:47:19.134671+00:00
21561,24698,Industrie Produktion arbeitsbuch für Jugendliche,de,2026-07-16 03:47:19.134671+00:00,2026-07-16 03:47:19.134671+00:00
21562,24699,Vogelhaltung praxisbuch für Berufstaetige,de,2026-07-16 03:47:19.134671+00:00,2026-07-16 03:47:19.134671+00:00
21563,24700,KI-Assistenten,de,2026-07-16 03:47:19.134671+00:00,2026-07-16 03:47:19.134671+00:00
21564,24702,für den Urlaub,de,2026-07-16 03:47:19.134671+00:00,2026-07-16 03:47:19.134671+00:00
21565,24703,Kleintiere workbook für Kleinunternehmer,de,2026-07-16 03:47:19.134671+00:00,2026-07-16 03:47:19.134671+00:00
21566,24704,Garten leitfaden für Kleinunternehmer,de,2026-07-16 03:47:19.134671+00:00,2026-07-16 03:47:19.134671+00:00
21567,24705,Kleintiere arbeitsbuch für Familien,de,2026-07-16 03:47:19.134671+00:00,2026-07-16 03:47:19.134671+00:00
21568,24708,Führerschein Klasse C,de,2026-07-16 03:47:19.134671+00:00,2026-07-16 03:47:19.134671+00:00
21569,24711,adhs beziehungen pflegen für erwachsene,de,2026-07-16 03:47:19.134671+00:00,2026-07-16 03:47:19.134671+00:00
21570,24712,Kleintiere tagebuch für Kleinunternehmer,de,2026-07-16 03:47:19.134671+00:00,2026-07-16 03:47:19.134671+00:00
21571,24713,Personal Hr vorlagenbuch für Kleinunternehmer,de,2026-07-16 03:47:19.134671+00:00,2026-07-16 03:47:19.134671+00:00
21572,24714,Journaling leitfaden für Kleinunternehmer,de,2026-07-16 03:47:19.134671+00:00,2026-07-16 03:47:19.134671+00:00
21573,24715,Schweißerprüfung,de,2026-07-16 03:47:19.134671+00:00,2026-07-16 03:47:19.134671+00:00
21574,24717,Rechnungsprogramm wählen,de,2026-07-16 03:47:19.134671+00:00,2026-07-16 03:47:19.134671+00:00
21575,24718,Programmieren Lernen tagebuch für Kleinunternehmer,de,2026-07-16 03:47:19.134671+00:00,2026-07-16 03:47:19.134671+00:00
21576,24720,Journaling ratgeber für Familien,de,2026-07-16 03:47:19.134671+00:00,2026-07-16 03:47:19.134671+00:00
21577,24721,Autismus tagebuch für Familien,de,2026-07-16 03:47:19.134671+00:00,2026-07-16 03:47:19.134671+00:00
21578,24722,Garten ratgeber für Familien,de,2026-07-16 03:47:19.134671+00:00,2026-07-16 03:47:19.134671+00:00
21579,24724,Zeitmanagement vorlagenbuch für Familien,de,2026-07-16 03:47:19.134671+00:00,2026-07-16 03:47:19.134671+00:00
21580,24725,Geschwisterrivalität,de,2026-07-16 03:47:19.134671+00:00,2026-07-16 03:47:19.134671+00:00
21581,24730,It vorlagenbuch für Kleinunternehmer,de,2026-07-16 03:47:19.134671+00:00,2026-07-16 03:47:19.134671+00:00
21582,24732,arbeitszeugnis prüfen für arbeitnehmer,de,2026-07-16 03:47:19.134671+00:00,2026-07-16 03:47:19.134671+00:00
21583,24733,Personal Hr checkliste für Familien,de,2026-07-16 03:47:19.134671+00:00,2026-07-16 03:47:19.134671+00:00
21584,24734,Hobby workbook für Familien,de,2026-07-16 03:47:19.134671+00:00,2026-07-16 03:47:19.134671+00:00
21585,24735,Energie arbeitsbuch für Familien,de,2026-07-16 03:47:19.134671+00:00,2026-07-16 03:47:19.134671+00:00
21586,24736,Reise Umzug vorlagenbuch für Kleinunternehmer,de,2026-07-16 03:47:19.134671+00:00,2026-07-16 03:47:19.134671+00:00
21587,24737,It checkliste für Familien,de,2026-07-16 03:47:19.134671+00:00,2026-07-16 03:47:19.134671+00:00
21588,24739,Hobby arbeitsbuch für Kleinunternehmer,de,2026-07-16 03:47:19.134671+00:00,2026-07-16 03:47:19.134671+00:00
21589,24743,Reise Umzug checkliste für Familien,de,2026-07-16 03:47:19.134671+00:00,2026-07-16 03:47:19.134671+00:00
21590,24745,Zeitmanagement checkliste für Kleinunternehmer,de,2026-07-16 03:47:19.134671+00:00,2026-07-16 03:47:19.134671+00:00
21591,24746,Hobby tagebuch für Familien,de,2026-07-16 03:47:19.134671+00:00,2026-07-16 03:47:19.134671+00:00
21592,24748,KI für Texter,de,2026-07-16 03:47:19.134671+00:00,2026-07-16 03:47:19.134671+00:00
21593,24752,KI für Physiotherapeuten,de,2026-07-16 03:47:19.134671+00:00,2026-07-16 03:47:19.134671+00:00
21594,24753,LKW-Fahrer,de,2026-07-16 03:47:19.134671+00:00,2026-07-16 03:47:19.134671+00:00
21595,24754,sicherheitskameras einrichten für hausbesitzer,de,2026-07-16 03:47:19.134671+00:00,2026-07-16 03:47:19.134671+00:00
21596,24757,Zeichnen praxisbuch für Familien,de,2026-07-16 03:47:19.134671+00:00,2026-07-16 03:47:19.134671+00:00
21597,24758,ChatGPT für Eltern,de,2026-07-16 03:47:19.134671+00:00,2026-07-16 03:47:19.134671+00:00
21598,24760,erinnerungsalbum für demenzkranke,de,2026-07-16 03:47:19.134671+00:00,2026-07-16 03:47:19.134671+00:00
21599,24761,Industrie Produktion planer für Familien,de,2026-07-16 03:47:19.134671+00:00,2026-07-16 03:47:19.134671+00:00
21600,24762,Aquaristik workbook für Familien,de,2026-07-16 03:47:19.134671+00:00,2026-07-16 03:47:19.134671+00:00
21601,24763,Wäschepflege,de,2026-07-16 03:47:19.134671+00:00,2026-07-16 03:47:19.134671+00:00
21602,24765,Programmieren Lernen workbook für Kleinunternehmer,de,2026-07-16 03:47:19.134671+00:00,2026-07-16 03:47:19.134671+00:00
21603,24766,gedächtnistechniken für berufstätige,de,2026-07-16 03:47:19.134671+00:00,2026-07-16 03:47:19.134671+00:00
21604,24767,Familiengeschichte praxisbuch für Familien,de,2026-07-16 03:47:19.134671+00:00,2026-07-16 03:47:19.134671+00:00
21605,24768,Zeichnen planer für Kleinunternehmer,de,2026-07-16 03:47:19.134671+00:00,2026-07-16 03:47:19.134671+00:00
21606,24769,online kurs selbstdisziplin arbeitsbuch,de,2026-07-16 03:47:19.134671+00:00,2026-07-16 03:47:19.134671+00:00
21607,24770,ernährungstagebuch für sportler,de,2026-07-16 03:47:19.134671+00:00,2026-07-16 03:47:19.134671+00:00
21608,24771,Angeln leitfaden für Familien,de,2026-07-16 03:47:19.134671+00:00,2026-07-16 03:47:19.134671+00:00
21609,24772,Angeln ratgeber für Kleinunternehmer,de,2026-07-16 03:47:19.134671+00:00,2026-07-16 03:47:19.134671+00:00
21610,24773,Autismus workbook für Familien,de,2026-07-16 03:47:19.134671+00:00,2026-07-16 03:47:19.134671+00:00
21611,24774,geschäftskonto checkliste für gründer,de,2026-07-16 03:47:19.134671+00:00,2026-07-16 03:47:19.134671+00:00
21612,24775,Aquaristik tagebuch für Familien,de,2026-07-16 03:47:19.134671+00:00,2026-07-16 03:47:19.134671+00:00
21613,24776,Notfall Vorsorge arbeitsbuch für Kleinunternehmer,de,2026-07-16 03:47:19.134671+00:00,2026-07-16 03:47:19.134671+00:00
21614,24777,Bäcker,de,2026-07-16 03:47:19.134671+00:00,2026-07-16 03:47:19.134671+00:00
21615,24779,Vogelhaltung vorlagenbuch für Familien,de,2026-07-16 03:47:19.134671+00:00,2026-07-16 03:47:19.134671+00:00
21616,24780,nachsendeauftrag checkliste für umziehende,de,2026-07-16 03:47:19.134671+00:00,2026-07-16 03:47:19.134671+00:00
21617,24781,Programmieren Lernen arbeitsbuch für Familien,de,2026-07-16 03:47:19.134671+00:00,2026-07-16 03:47:19.134671+00:00
21618,24782,Vogelhaltung checkliste für Kleinunternehmer,de,2026-07-16 03:47:19.134671+00:00,2026-07-16 03:47:19.134671+00:00
21619,24783,katzenklo training für katzenhalter,de,2026-07-16 03:47:19.134671+00:00,2026-07-16 03:47:19.134671+00:00
21620,24784,Fotografie Video checkliste für Kleinunternehmer,de,2026-07-16 03:47:19.134671+00:00,2026-07-16 03:47:19.134671+00:00
21621,24785,Verbraucherrechte praxisbuch für Familien,de,2026-07-16 03:47:19.134671+00:00,2026-07-16 03:47:19.134671+00:00
21622,24786,Versicherung arbeitsbuch für Familien,de,2026-07-16 03:47:19.134671+00:00,2026-07-16 03:47:19.134671+00:00
21623,24787,Verbraucherrechte planer für Kleinunternehmer,de,2026-07-16 03:47:19.134671+00:00,2026-07-16 03:47:19.134671+00:00
21624,24788,Steuern workbook für Kleinunternehmer,de,2026-07-16 03:47:19.134671+00:00,2026-07-16 03:47:19.134671+00:00
21625,24789,brotdosen ideen für kinder,de,2026-07-16 03:47:19.134671+00:00,2026-07-16 03:47:19.134671+00:00
21626,24791,Tiergesundheit arbeitsbuch für Familien,de,2026-07-16 03:47:19.134671+00:00,2026-07-16 03:47:19.134671+00:00
21627,24792,Produktivitaet leitfaden für Kleinunternehmer,de,2026-07-16 03:47:19.134671+00:00,2026-07-16 03:47:19.134671+00:00
21628,24793,Physiotherapie Tagebuch,de,2026-07-16 03:47:19.134671+00:00,2026-07-16 03:47:19.134671+00:00
21629,24794,Tiergesundheit tagebuch für Kleinunternehmer,de,2026-07-16 03:47:19.134671+00:00,2026-07-16 03:47:19.134671+00:00
21630,24795,Fotografie Video vorlagenbuch für Familien,de,2026-07-16 03:47:19.134671+00:00,2026-07-16 03:47:19.134671+00:00
21631,24796,kontoauszug verstehen für jugendliche,de,2026-07-16 03:47:19.134671+00:00,2026-07-16 03:47:19.134671+00:00
21632,24798,Steuern arbeitsbuch für Familien,de,2026-07-16 03:47:19.134671+00:00,2026-07-16 03:47:19.134671+00:00
21633,24800,Häkeln,de,2026-07-16 03:47:19.134671+00:00,2026-07-16 03:47:19.134671+00:00
21634,24801,Familiengeschichte planer für Kleinunternehmer,de,2026-07-16 03:47:19.134671+00:00,2026-07-16 03:47:19.134671+00:00
21635,24803,Zielplanung leitfaden für Familien,de,2026-07-16 03:47:19.134671+00:00,2026-07-16 03:47:19.134671+00:00
21636,24804,Steuern tagebuch für Kleinunternehmer,de,2026-07-16 03:47:19.134671+00:00,2026-07-16 03:47:19.134671+00:00
21637,24806,Versicherung tagebuch für Kleinunternehmer,de,2026-07-16 03:47:19.134671+00:00,2026-07-16 03:47:19.134671+00:00
21638,24809,Gärtner,de,2026-07-16 03:47:19.134671+00:00,2026-07-16 03:47:19.134671+00:00
21639,24814,lehrerplaner für referendare,de,2026-07-16 03:47:19.134671+00:00,2026-07-16 03:47:19.134671+00:00
21640,24820,Haushalt leitfaden für Familien,de,2026-07-16 03:47:19.134671+00:00,2026-07-16 03:47:19.134671+00:00
21641,24821,Adhs tagebuch für Familien,de,2026-07-16 03:47:19.134671+00:00,2026-07-16 03:47:19.134671+00:00
21642,24822,schädlingsbekämpfung natürlich,de,2026-07-16 03:47:19.134671+00:00,2026-07-16 03:47:19.134671+00:00
21643,24823,Notfall Vorsorge tagebuch für Familien,de,2026-07-16 03:47:19.134671+00:00,2026-07-16 03:47:19.134671+00:00
21644,24824,Produktivitaet ratgeber für Familien,de,2026-07-16 03:47:19.134671+00:00,2026-07-16 03:47:19.134671+00:00
21645,24825,Adhs arbeitsbuch für Kleinunternehmer,de,2026-07-16 03:47:19.134671+00:00,2026-07-16 03:47:19.134671+00:00
21646,24826,Office Verwaltung planer für Familien,de,2026-07-16 03:47:19.134671+00:00,2026-07-16 03:47:19.134671+00:00
21647,24828,Industrie Produktion praxisbuch für Kleinunternehmer,de,2026-07-16 03:47:19.134671+00:00,2026-07-16 03:47:19.134671+00:00
21648,24829,Fitness Sport praxisbuch für Kleinunternehmer,de,2026-07-16 03:47:19.134671+00:00,2026-07-16 03:47:19.134671+00:00
21649,24830,Haushalt ratgeber für Kleinunternehmer,de,2026-07-16 03:47:19.134671+00:00,2026-07-16 03:47:19.134671+00:00
21650,24831,Fitness Sport planer für Familien,de,2026-07-16 03:47:19.134671+00:00,2026-07-16 03:47:19.134671+00:00
21651,24832,Schrittzähler Logbuch,de,2026-07-16 03:47:19.134671+00:00,2026-07-16 03:47:19.134671+00:00
21652,24833,Office Verwaltung praxisbuch für Kleinunternehmer,de,2026-07-16 03:47:19.134671+00:00,2026-07-16 03:47:19.134671+00:00
21653,24834,Autismus arbeitsbuch für Kleinunternehmer,de,2026-07-16 03:47:19.134671+00:00,2026-07-16 03:47:19.134671+00:00
21654,24835,Aquaristik arbeitsbuch für Kleinunternehmer,de,2026-07-16 03:47:19.134671+00:00,2026-07-16 03:47:19.134671+00:00
21655,24836,rückenschule arbeitsbuch für büro,de,2026-07-16 03:47:19.134671+00:00,2026-07-16 03:47:19.134671+00:00
21656,24837,Energie tagebuch für Kleinunternehmer,de,2026-07-16 03:47:19.134671+00:00,2026-07-16 03:47:19.134671+00:00
21657,24838,Holzwerken Diy tagebuch für Familien,de,2026-07-16 03:47:19.134671+00:00,2026-07-16 03:47:19.134671+00:00
21658,24839,fahrtenbuch vorlage für selbstständige,de,2026-07-16 03:47:19.134671+00:00,2026-07-16 03:47:19.134671+00:00
21659,24840,Holzwerken Diy arbeitsbuch für Kleinunternehmer,de,2026-07-16 03:47:19.134671+00:00,2026-07-16 03:47:19.134671+00:00
21660,24841,KI für Vertriebler,de,2026-07-16 03:47:19.134671+00:00,2026-07-16 03:47:19.134671+00:00
21661,24842,Zielplanung ratgeber für Kleinunternehmer,de,2026-07-16 03:47:19.134671+00:00,2026-07-16 03:47:19.134671+00:00
21662,24843,Vereine tagebuch für Eltern,de,2026-07-16 03:47:19.134671+00:00,2026-07-16 03:47:19.134671+00:00
21663,24844,Zeichnen checkliste für Eltern,de,2026-07-16 03:47:19.134671+00:00,2026-07-16 03:47:19.134671+00:00
21664,24845,Journaling workbook für Eltern,de,2026-07-16 03:47:19.134671+00:00,2026-07-16 03:47:19.134671+00:00
21665,24846,Zeitmanagement ratgeber für Eltern,de,2026-07-16 03:47:19.134671+00:00,2026-07-16 03:47:19.134671+00:00
21666,24847,Adhs planer für Erwachsene,de,2026-07-16 03:47:19.134671+00:00,2026-07-16 03:47:19.134671+00:00
21667,24848,Autismus planer für Erwachsene,de,2026-07-16 03:47:19.134671+00:00,2026-07-16 03:47:19.134671+00:00
21668,24849,Nachhaltigkeit tagebuch für Erwachsene,de,2026-07-16 03:47:19.134671+00:00,2026-07-16 03:47:19.134671+00:00
21669,24850,Personal Hr ratgeber für Erwachsene,de,2026-07-16 03:47:19.134671+00:00,2026-07-16 03:47:19.134671+00:00
21670,24851,Zielplanung workbook für Erwachsene,de,2026-07-16 03:47:19.134671+00:00,2026-07-16 03:47:19.134671+00:00
21671,24852,Adhs praxisbuch für Eltern,de,2026-07-16 03:47:19.134671+00:00,2026-07-16 03:47:19.134671+00:00
21672,24853,Versicherung planer für Eltern,de,2026-07-16 03:47:19.134671+00:00,2026-07-16 03:47:19.134671+00:00
21673,24854,Hobby planer für Erwachsene,de,2026-07-16 03:47:19.134671+00:00,2026-07-16 03:47:19.134671+00:00
21674,24855,Angeln workbook für Erwachsene,de,2026-07-16 03:47:19.134671+00:00,2026-07-16 03:47:19.134671+00:00
21675,24856,Eltern Kind arbeitsbuch für Erwachsene,de,2026-07-16 03:47:19.134671+00:00,2026-07-16 03:47:19.134671+00:00
21676,24857,Familiengeschichte vorlagenbuch für Erwachsene,de,2026-07-16 03:47:19.134671+00:00,2026-07-16 03:47:19.134671+00:00
21677,24858,Notfall Vorsorge planer für Erwachsene,de,2026-07-16 03:47:19.134671+00:00,2026-07-16 03:47:19.134671+00:00
21678,24859,It leitfaden für Eltern,de,2026-07-16 03:47:19.134671+00:00,2026-07-16 03:47:19.134671+00:00
21679,24860,Reise Umzug ratgeber für Erwachsene,de,2026-07-16 03:47:19.134671+00:00,2026-07-16 03:47:19.134671+00:00
21680,24861,Gemeinde Lokal arbeitsbuch für Eltern,de,2026-07-16 03:47:19.134671+00:00,2026-07-16 03:47:19.134671+00:00
21681,24862,Fitness Sport vorlagenbuch für Eltern,de,2026-07-16 03:47:19.134671+00:00,2026-07-16 03:47:19.134671+00:00
21682,24863,Kochen arbeitsbuch für Eltern,de,2026-07-16 03:47:19.134671+00:00,2026-07-16 03:47:19.134671+00:00
21683,24864,Steuern planer für Eltern,de,2026-07-16 03:47:19.134671+00:00,2026-07-16 03:47:19.134671+00:00
21684,24865,Fitness Sport checkliste für Erwachsene,de,2026-07-16 03:47:19.134671+00:00,2026-07-16 03:47:19.134671+00:00
21685,24866,Angeln arbeitsbuch für Eltern,de,2026-07-16 03:47:19.134671+00:00,2026-07-16 03:47:19.134671+00:00
21686,24867,Fotografie Video leitfaden für Erwachsene,de,2026-07-16 03:47:19.134671+00:00,2026-07-16 03:47:19.134671+00:00
21687,24868,Industrie Produktion vorlagenbuch für Eltern,de,2026-07-16 03:47:19.134671+00:00,2026-07-16 03:47:19.134671+00:00
21688,24869,Selbsthilfe tagebuch für Eltern,de,2026-07-16 03:47:19.134671+00:00,2026-07-16 03:47:19.134671+00:00
21689,24870,Tiergesundheit praxisbuch für Erwachsene,de,2026-07-16 03:47:19.134671+00:00,2026-07-16 03:47:19.134671+00:00
21690,24871,Holzwerken Diy planer für Erwachsene,de,2026-07-16 03:47:19.134671+00:00,2026-07-16 03:47:19.134671+00:00
21691,24872,Angeln tagebuch für Erwachsene,de,2026-07-16 03:47:19.134671+00:00,2026-07-16 03:47:19.134671+00:00
21692,24873,Energie planer für Eltern,de,2026-07-16 03:47:19.134671+00:00,2026-07-16 03:47:19.134671+00:00
21693,24874,Programmieren Lernen planer für Eltern,de,2026-07-16 03:47:19.134671+00:00,2026-07-16 03:47:19.134671+00:00
21694,24875,Produktivitaet arbeitsbuch für Erwachsene,de,2026-07-16 03:47:19.134671+00:00,2026-07-16 03:47:19.134671+00:00
21695,24876,Kochen tagebuch für Erwachsene,de,2026-07-16 03:47:19.134671+00:00,2026-07-16 03:47:19.134671+00:00
21696,24877,Holzwerken Diy praxisbuch für Eltern,de,2026-07-16 03:47:19.134671+00:00,2026-07-16 03:47:19.134671+00:00
21697,24878,Energie praxisbuch für Erwachsene,de,2026-07-16 03:47:19.134671+00:00,2026-07-16 03:47:19.134671+00:00
21698,24879,Familiengeschichte checkliste für Eltern,de,2026-07-16 03:47:19.134671+00:00,2026-07-16 03:47:19.134671+00:00
21699,24880,Steuern praxisbuch für Erwachsene,de,2026-07-16 03:47:19.134671+00:00,2026-07-16 03:47:19.134671+00:00
21700,24881,Personal Hr leitfaden für Eltern,de,2026-07-16 03:47:19.134671+00:00,2026-07-16 03:47:19.134671+00:00
21701,24882,Gemeinde Lokal tagebuch für Erwachsene,de,2026-07-16 03:47:19.134671+00:00,2026-07-16 03:47:19.134671+00:00
21702,24883,Garten tagebuch für Eltern,de,2026-07-16 03:47:19.134671+00:00,2026-07-16 03:47:19.134671+00:00
21703,24884,Fotografie Video ratgeber für Eltern,de,2026-07-16 03:47:19.134671+00:00,2026-07-16 03:47:19.134671+00:00
21704,24885,Programmieren Lernen praxisbuch für Erwachsene,de,2026-07-16 03:47:19.134671+00:00,2026-07-16 03:47:19.134671+00:00
21705,24886,Vogelhaltung leitfaden für Erwachsene,de,2026-07-16 03:47:19.134671+00:00,2026-07-16 03:47:19.134671+00:00
21706,24887,Tiergesundheit planer für Eltern,de,2026-07-16 03:47:19.134671+00:00,2026-07-16 03:47:19.134671+00:00
21707,24888,Eltern Kind tagebuch für Eltern,de,2026-07-16 03:47:19.134671+00:00,2026-07-16 03:47:19.134671+00:00
21708,24889,Hobby praxisbuch für Eltern,de,2026-07-16 03:47:19.134671+00:00,2026-07-16 03:47:19.134671+00:00
21709,24890,Zielplanung tagebuch für Erwachsene,de,2026-07-16 03:47:19.134671+00:00,2026-07-16 03:47:19.134671+00:00
21710,24891,Zeitmanagement leitfaden für Erwachsene,de,2026-07-16 03:47:19.134671+00:00,2026-07-16 03:47:19.134671+00:00
21711,24892,Autismus praxisbuch für Eltern,de,2026-07-16 03:47:19.134671+00:00,2026-07-16 03:47:19.134671+00:00
21712,24893,Vogelhaltung ratgeber für Eltern,de,2026-07-16 03:47:19.134671+00:00,2026-07-16 03:47:19.134671+00:00
21713,24894,Kleintiere planer für Eltern,de,2026-07-16 03:47:19.134671+00:00,2026-07-16 03:47:19.134671+00:00
21714,24895,Notfall Vorsorge praxisbuch für Eltern,de,2026-07-16 03:47:19.134671+00:00,2026-07-16 03:47:19.134671+00:00
21715,24896,Reise Umzug leitfaden für Eltern,de,2026-07-16 03:47:19.134671+00:00,2026-07-16 03:47:19.134671+00:00
21716,24897,Produktivitaet tagebuch für Eltern,de,2026-07-16 03:47:19.134671+00:00,2026-07-16 03:47:19.134671+00:00
21717,24898,Garten arbeitsbuch für Erwachsene,de,2026-07-16 03:47:19.134671+00:00,2026-07-16 03:47:19.134671+00:00
21718,24899,Haushalt arbeitsbuch für Eltern,de,2026-07-16 03:47:19.134671+00:00,2026-07-16 03:47:19.134671+00:00
21719,24900,Journaling tagebuch für Eltern,de,2026-07-16 03:47:19.134671+00:00,2026-07-16 03:47:19.134671+00:00
21720,24901,Produktivitaet workbook für Eltern,de,2026-07-16 03:47:19.134671+00:00,2026-07-16 03:47:19.134671+00:00
21721,24902,Industrie Produktion checkliste für Erwachsene,de,2026-07-16 03:47:19.134671+00:00,2026-07-16 03:47:19.134671+00:00
21722,24903,Vereine arbeitsbuch für Erwachsene,de,2026-07-16 03:47:19.134671+00:00,2026-07-16 03:47:19.134671+00:00
21723,24904,Zeichnen vorlagenbuch für Erwachsene,de,2026-07-16 03:47:19.134671+00:00,2026-07-16 03:47:19.134671+00:00
21724,24905,Kleintiere praxisbuch für Erwachsene,de,2026-07-16 03:47:19.134671+00:00,2026-07-16 03:47:19.134671+00:00
21725,24906,Journaling arbeitsbuch für Erwachsene,de,2026-07-16 03:47:19.134671+00:00,2026-07-16 03:47:19.134671+00:00
21726,24907,Zielplanung arbeitsbuch für Eltern,de,2026-07-16 03:47:19.134671+00:00,2026-07-16 03:47:19.134671+00:00
21727,24908,Office Verwaltung checkliste für Erwachsene,de,2026-07-16 03:47:19.134671+00:00,2026-07-16 03:47:19.134671+00:00
21728,24909,Verbraucherrechte vorlagenbuch für Erwachsene,de,2026-07-16 03:47:19.134671+00:00,2026-07-16 03:47:19.134671+00:00
21729,24910,It ratgeber für Erwachsene,de,2026-07-16 03:47:19.134671+00:00,2026-07-16 03:47:19.134671+00:00
21730,24911,Selbsthilfe arbeitsbuch für Erwachsene,de,2026-07-16 03:47:19.134671+00:00,2026-07-16 03:47:19.134671+00:00
21731,24912,Aquaristik planer für Erwachsene,de,2026-07-16 03:47:19.134671+00:00,2026-07-16 03:47:19.134671+00:00
21732,24913,Haushalt tagebuch für Erwachsene,de,2026-07-16 03:47:19.134671+00:00,2026-07-16 03:47:19.134671+00:00
21733,24914,Nachhaltigkeit arbeitsbuch für Eltern,de,2026-07-16 03:47:19.134671+00:00,2026-07-16 03:47:19.134671+00:00
21734,24915,Office Verwaltung vorlagenbuch für Eltern,de,2026-07-16 03:47:19.134671+00:00,2026-07-16 03:47:19.134671+00:00
21735,24916,Aquaristik praxisbuch für Eltern,de,2026-07-16 03:47:19.134671+00:00,2026-07-16 03:47:19.134671+00:00
21736,24917,Verbraucherrechte checkliste für Eltern,de,2026-07-16 03:47:19.134671+00:00,2026-07-16 03:47:19.134671+00:00
21737,24918,Versicherung praxisbuch für Erwachsene,de,2026-07-16 03:47:19.134671+00:00,2026-07-16 03:47:19.134671+00:00
21738,24919,Haushalt workbook für Erwachsene,de,2026-07-16 03:47:19.134671+00:00,2026-07-16 03:47:19.134671+00:00
21739,24920,Garten workbook für Eltern,de,2026-07-16 03:47:19.134671+00:00,2026-07-16 03:47:19.134671+00:00
21740,24921,Aquaristik checkliste für Einsteiger,de,2026-07-16 03:47:19.134671+00:00,2026-07-16 03:47:19.134671+00:00
21741,24922,heimtraining ohne geräte für anfänger,de,2026-07-16 03:47:19.134671+00:00,2026-07-16 03:47:19.134671+00:00
21742,24923,Zielplanung praxisbuch für Senioren,de,2026-07-16 03:47:19.134671+00:00,2026-07-16 03:47:19.134671+00:00
21743,24924,Office Verwaltung ratgeber für Einsteiger,de,2026-07-16 03:47:19.134671+00:00,2026-07-16 03:47:19.134671+00:00
21744,24925,Fotografie Video arbeitsbuch für Senioren,de,2026-07-16 03:47:19.134671+00:00,2026-07-16 03:47:19.134671+00:00
21745,24926,Zielplanung planer für Einsteiger,de,2026-07-16 03:47:19.134671+00:00,2026-07-16 03:47:19.134671+00:00
21746,24927,Zeitmanagement workbook für Einsteiger,de,2026-07-16 03:47:19.134671+00:00,2026-07-16 03:47:19.134671+00:00
21747,24928,Produktivitaet praxisbuch für Einsteiger,de,2026-07-16 03:47:19.134671+00:00,2026-07-16 03:47:19.134671+00:00
21748,24929,Zeitmanagement arbeitsbuch für Senioren,de,2026-07-16 03:47:19.134671+00:00,2026-07-16 03:47:19.134671+00:00
21749,24930,Fotografie Video tagebuch für Einsteiger,de,2026-07-16 03:47:19.134671+00:00,2026-07-16 03:47:19.134671+00:00
21750,24931,Zeitmanagement tagebuch für Einsteiger,de,2026-07-16 03:47:19.134671+00:00,2026-07-16 03:47:19.134671+00:00
21751,24932,Zeichnen leitfaden für Einsteiger,de,2026-07-16 03:47:19.134671+00:00,2026-07-16 03:47:19.134671+00:00
21752,24934,Zeichnen ratgeber für Senioren,de,2026-07-16 03:47:19.134671+00:00,2026-07-16 03:47:19.134671+00:00
21753,24935,Familiengeschichte leitfaden für Einsteiger,de,2026-07-16 03:47:19.134671+00:00,2026-07-16 03:47:19.134671+00:00
21754,24936,Versicherung vorlagenbuch für Einsteiger,de,2026-07-16 03:47:19.134671+00:00,2026-07-16 03:47:19.134671+00:00
21755,24937,packliste urlaub für familien,de,2026-07-16 03:47:19.134671+00:00,2026-07-16 03:47:19.134671+00:00
21756,24939,Versicherung checkliste für Senioren,de,2026-07-16 03:47:19.134671+00:00,2026-07-16 03:47:19.134671+00:00
21757,24940,Familiengeschichte ratgeber für Senioren,de,2026-07-16 03:47:19.134671+00:00,2026-07-16 03:47:19.134671+00:00
21758,24941,Digitale Ordnung tagebuch für Senioren,de,2026-07-16 03:47:19.134671+00:00,2026-07-16 03:47:19.134671+00:00
21759,24943,Digitale Ordnung arbeitsbuch für Einsteiger,de,2026-07-16 03:47:19.134671+00:00,2026-07-16 03:47:19.134671+00:00
21760,24944,Vereine praxisbuch für Einsteiger,de,2026-07-16 03:47:19.134671+00:00,2026-07-16 03:47:19.134671+00:00
21761,24945,Office Verwaltung leitfaden für Senioren,de,2026-07-16 03:47:19.134671+00:00,2026-07-16 03:47:19.134671+00:00
21762,24947,kompost anlegen für einsteiger,de,2026-07-16 03:47:19.134671+00:00,2026-07-16 03:47:19.134671+00:00
21763,24948,Eltern Kind planer für Senioren,de,2026-07-16 03:47:19.134671+00:00,2026-07-16 03:47:19.134671+00:00
21764,24949,Eltern Kind praxisbuch für Einsteiger,de,2026-07-16 03:47:19.134671+00:00,2026-07-16 03:47:19.134671+00:00
21765,24950,Vereine planer für Senioren,de,2026-07-16 03:47:19.134671+00:00,2026-07-16 03:47:19.134671+00:00
21766,24951,Energie vorlagenbuch für Einsteiger,de,2026-07-16 03:47:19.134671+00:00,2026-07-16 03:47:19.134671+00:00
21767,24952,gartenbewässerung planen für trockene sommer,de,2026-07-16 03:47:19.134671+00:00,2026-07-16 03:47:19.134671+00:00
21768,24953,Energie checkliste für Senioren,de,2026-07-16 03:47:19.134671+00:00,2026-07-16 03:47:19.134671+00:00
21769,24954,KI für Fotografen,de,2026-07-16 03:47:19.134671+00:00,2026-07-16 03:47:19.134671+00:00
21770,24955,Autismus vorlagenbuch für Senioren,de,2026-07-16 03:47:19.134671+00:00,2026-07-16 03:47:19.134671+00:00
21771,24957,KI für Personaler,de,2026-07-16 03:47:19.134671+00:00,2026-07-16 03:47:19.134671+00:00
21772,24958,für die Reise,de,2026-07-16 03:47:19.134671+00:00,2026-07-16 03:47:19.134671+00:00
21773,24960,KI für Übersetzer,de,2026-07-16 03:47:19.134671+00:00,2026-07-16 03:47:19.134671+00:00
21774,24962,gartengeräte smart steuern,de,2026-07-16 03:47:19.134671+00:00,2026-07-16 03:47:19.134671+00:00
21775,24963,Naehen Handarbeit tagebuch für Einsteiger,de,2026-07-16 03:47:19.134671+00:00,2026-07-16 03:47:19.134671+00:00
21776,24964,Personal Hr workbook für Senioren,de,2026-07-16 03:47:19.134671+00:00,2026-07-16 03:47:19.134671+00:00
21777,24965,Naehen Handarbeit arbeitsbuch für Senioren,de,2026-07-16 03:47:19.134671+00:00,2026-07-16 03:47:19.134671+00:00
21778,24966,Keller aufräumen,de,2026-07-16 03:47:19.134671+00:00,2026-07-16 03:47:19.134671+00:00
21779,24968,Nachhaltigkeit planer für Einsteiger,de,2026-07-16 03:47:19.134671+00:00,2026-07-16 03:47:19.134671+00:00
21780,24970,Personal Hr arbeitsbuch für Einsteiger,de,2026-07-16 03:47:19.134671+00:00,2026-07-16 03:47:19.134671+00:00
21781,24971,mnemotechniken für schüler,de,2026-07-16 03:47:19.134671+00:00,2026-07-16 03:47:19.134671+00:00
21782,24972,Glutenunverträglichkeit,de,2026-07-16 03:47:19.134671+00:00,2026-07-16 03:47:19.134671+00:00
21783,24974,Angeln praxisbuch für Senioren,de,2026-07-16 03:47:19.134671+00:00,2026-07-16 03:47:19.134671+00:00
21784,24976,Angeln planer für Einsteiger,de,2026-07-16 03:47:19.134671+00:00,2026-07-16 03:47:19.134671+00:00
21785,24977,Vogelhaltung workbook für Einsteiger,de,2026-07-16 03:47:19.134671+00:00,2026-07-16 03:47:19.134671+00:00
21786,24978,Vogelhaltung arbeitsbuch für Senioren,de,2026-07-16 03:47:19.134671+00:00,2026-07-16 03:47:19.134671+00:00
21787,24979,Landschaftsgärtner,de,2026-07-16 03:47:19.134671+00:00,2026-07-16 03:47:19.134671+00:00
21788,24980,Vogelhaltung tagebuch für Einsteiger,de,2026-07-16 03:47:19.134671+00:00,2026-07-16 03:47:19.134671+00:00
21789,24982,Verbraucherrechte leitfaden für Einsteiger,de,2026-07-16 03:47:19.134671+00:00,2026-07-16 03:47:19.134671+00:00
21790,24983,Verbraucherrechte ratgeber für Senioren,de,2026-07-16 03:47:19.134671+00:00,2026-07-16 03:47:19.134671+00:00
21791,24984,Veranstaltungen tagebuch für Senioren,de,2026-07-16 03:47:19.134671+00:00,2026-07-16 03:47:19.134671+00:00
21792,24986,Tiergesundheit vorlagenbuch für Einsteiger,de,2026-07-16 03:47:19.134671+00:00,2026-07-16 03:47:19.134671+00:00
21793,24987,UX-Designer,de,2026-07-16 03:47:19.134671+00:00,2026-07-16 03:47:19.134671+00:00
21794,24988,Tiergesundheit checkliste für Senioren,de,2026-07-16 03:47:19.134671+00:00,2026-07-16 03:47:19.134671+00:00
21795,24989,für die Baustelle,de,2026-07-16 03:47:19.134671+00:00,2026-07-16 03:47:19.134671+00:00
21796,24990,Selbsthilfe praxisbuch für Einsteiger,de,2026-07-16 03:47:19.134671+00:00,2026-07-16 03:47:19.134671+00:00
21797,24991,Selbsthilfe planer für Senioren,de,2026-07-16 03:47:19.134671+00:00,2026-07-16 03:47:19.134671+00:00
21798,24992,Veranstaltungen arbeitsbuch für Einsteiger,de,2026-07-16 03:47:19.134671+00:00,2026-07-16 03:47:19.134671+00:00
21799,24993,Töpfern,de,2026-07-16 03:47:19.134671+00:00,2026-07-16 03:47:19.134671+00:00
21800,24994,Seo Content arbeitsbuch für Einsteiger,de,2026-07-16 03:47:19.134671+00:00,2026-07-16 03:47:19.134671+00:00
21801,24996,Seo Content tagebuch für Senioren,de,2026-07-16 03:47:19.134671+00:00,2026-07-16 03:47:19.134671+00:00
21802,24997,Hörgeräteakustiker,de,2026-07-16 03:47:19.134671+00:00,2026-07-16 03:47:19.134671+00:00
21803,24998,Autismus checkliste für Einsteiger,de,2026-07-16 03:47:19.134671+00:00,2026-07-16 03:47:19.134671+00:00
21804,25000,Online-Kurse,de,2026-07-16 03:47:19.134671+00:00,2026-07-16 03:47:19.134671+00:00
21805,25001,einschulung tagebuch für eltern,de,2026-07-16 03:47:19.134671+00:00,2026-07-16 03:47:19.134671+00:00
21806,25003,Programmieren Lernen vorlagenbuch für Einsteiger,de,2026-07-16 03:47:19.134671+00:00,2026-07-16 03:47:19.134671+00:00
21807,25004,Kleintiere vorlagenbuch für Einsteiger,de,2026-07-16 03:47:19.134671+00:00,2026-07-16 03:47:19.134671+00:00
21808,25005,Hundeführerschein,de,2026-07-16 03:47:19.134671+00:00,2026-07-16 03:47:19.134671+00:00
21809,25006,Kleintiere checkliste für Senioren,de,2026-07-16 03:47:19.134671+00:00,2026-07-16 03:47:19.134671+00:00
21810,25007,Nachhaltigkeit praxisbuch für Senioren,de,2026-07-16 03:47:19.134671+00:00,2026-07-16 03:47:19.134671+00:00
21811,25012,Journaling praxisbuch für Einsteiger,de,2026-07-16 03:47:19.134671+00:00,2026-07-16 03:47:19.134671+00:00
21812,25013,Diätassistent,de,2026-07-16 03:47:19.134671+00:00,2026-07-16 03:47:19.134671+00:00
21813,25014,Journaling planer für Senioren,de,2026-07-16 03:47:19.134671+00:00,2026-07-16 03:47:19.134671+00:00
21814,25017,Personal Hr tagebuch für Senioren,de,2026-07-16 03:47:19.134671+00:00,2026-07-16 03:47:19.134671+00:00
21815,25018,It workbook für Senioren,de,2026-07-16 03:47:19.134671+00:00,2026-07-16 03:47:19.134671+00:00
21816,25019,Programmieren Lernen checkliste für Senioren,de,2026-07-16 03:47:19.134671+00:00,2026-07-16 03:47:19.134671+00:00
21817,25020,Senioren tagebuch für Einsteiger,de,2026-07-16 03:47:19.134671+00:00,2026-07-16 03:47:19.134671+00:00
21818,25022,Senioren arbeitsbuch für Senioren,de,2026-07-16 03:47:19.134671+00:00,2026-07-16 03:47:19.134671+00:00
21819,25023,It arbeitsbuch für Einsteiger,de,2026-07-16 03:47:19.134671+00:00,2026-07-16 03:47:19.134671+00:00
21820,25025,Hobby vorlagenbuch für Senioren,de,2026-07-16 03:47:19.134671+00:00,2026-07-16 03:47:19.134671+00:00
21821,25026,Kochen planer für Einsteiger,de,2026-07-16 03:47:19.134671+00:00,2026-07-16 03:47:19.134671+00:00
21822,25027,Kochen praxisbuch für Senioren,de,2026-07-16 03:47:19.134671+00:00,2026-07-16 03:47:19.134671+00:00
21823,25028,It tagebuch für Senioren,de,2026-07-16 03:47:19.134671+00:00,2026-07-16 03:47:19.134671+00:00
21824,25029,KI Übersetzung,de,2026-07-16 03:47:19.134671+00:00,2026-07-16 03:47:19.134671+00:00
21825,25031,Hobby checkliste für Einsteiger,de,2026-07-16 03:47:19.134671+00:00,2026-07-16 03:47:19.134671+00:00
21826,25032,Adhs checkliste für Einsteiger,de,2026-07-16 03:47:19.134671+00:00,2026-07-16 03:47:19.134671+00:00
21827,25033,Sachkundeprüfung 34a,de,2026-07-16 03:47:19.134671+00:00,2026-07-16 03:47:19.134671+00:00
21828,25034,Adhs vorlagenbuch für Senioren,de,2026-07-16 03:47:19.134671+00:00,2026-07-16 03:47:19.134671+00:00
21829,25035,Notfall Vorsorge checkliste für Einsteiger,de,2026-07-16 03:47:19.134671+00:00,2026-07-16 03:47:19.134671+00:00
21830,25036,Fitness Sport ratgeber für Einsteiger,de,2026-07-16 03:47:19.134671+00:00,2026-07-16 03:47:19.134671+00:00
21831,25037,Fitness Sport leitfaden für Senioren,de,2026-07-16 03:47:19.134671+00:00,2026-07-16 03:47:19.134671+00:00
21832,25038,Reise Umzug tagebuch für Senioren,de,2026-07-16 03:47:19.134671+00:00,2026-07-16 03:47:19.134671+00:00
21833,25039,Reise Umzug arbeitsbuch für Einsteiger,de,2026-07-16 03:47:19.134671+00:00,2026-07-16 03:47:19.134671+00:00
21834,25040,Reise Umzug workbook für Senioren,de,2026-07-16 03:47:19.134671+00:00,2026-07-16 03:47:19.134671+00:00
21835,25041,Garten planer für Senioren,de,2026-07-16 03:47:19.134671+00:00,2026-07-16 03:47:19.134671+00:00
21836,25042,einkaufsplaner für wochenmärkte,de,2026-07-16 03:47:19.134671+00:00,2026-07-16 03:47:19.134671+00:00
21837,25043,Garten praxisbuch für Einsteiger,de,2026-07-16 03:47:19.134671+00:00,2026-07-16 03:47:19.134671+00:00
21838,25044,Steuern checkliste für Senioren,de,2026-07-16 03:47:19.134671+00:00,2026-07-16 03:47:19.134671+00:00
21839,25045,Steuern vorlagenbuch für Einsteiger,de,2026-07-16 03:47:19.134671+00:00,2026-07-16 03:47:19.134671+00:00
21840,25046,Notfall Vorsorge vorlagenbuch für Senioren,de,2026-07-16 03:47:19.134671+00:00,2026-07-16 03:47:19.134671+00:00
21841,25047,Industrie Produktion leitfaden für Senioren,de,2026-07-16 03:47:19.134671+00:00,2026-07-16 03:47:19.134671+00:00
21842,25048,Industrie Produktion ratgeber für Einsteiger,de,2026-07-16 03:47:19.134671+00:00,2026-07-16 03:47:19.134671+00:00
21843,25049,Produktivitaet planer für Senioren,de,2026-07-16 03:47:19.134671+00:00,2026-07-16 03:47:19.134671+00:00
21844,25050,Holzwerken Diy vorlagenbuch für Senioren,de,2026-07-16 03:47:19.134671+00:00,2026-07-16 03:47:19.134671+00:00
21845,25051,Holzwerken Diy checkliste für Einsteiger,de,2026-07-16 03:47:19.134671+00:00,2026-07-16 03:47:19.134671+00:00
21846,25052,Gemeinde Lokal praxisbuch für Senioren,de,2026-07-16 03:47:19.134671+00:00,2026-07-16 03:47:19.134671+00:00
21847,25053,Haushalt praxisbuch für Senioren,de,2026-07-16 03:47:19.134671+00:00,2026-07-16 03:47:19.134671+00:00
21848,25054,Gemeinde Lokal planer für Einsteiger,de,2026-07-16 03:47:19.134671+00:00,2026-07-16 03:47:19.134671+00:00
21849,25055,Gastro arbeitsbuch für Senioren,de,2026-07-16 03:47:19.134671+00:00,2026-07-16 03:47:19.134671+00:00
21850,25056,Haushalt planer für Einsteiger,de,2026-07-16 03:47:19.134671+00:00,2026-07-16 03:47:19.134671+00:00
21851,25057,Gastro tagebuch für Einsteiger,de,2026-07-16 03:47:19.134671+00:00,2026-07-16 03:47:19.134671+00:00
21852,25058,Fotografie Video workbook für Einsteiger,de,2026-07-16 03:47:19.134671+00:00,2026-07-16 03:47:19.134671+00:00
21853,25059,Aquaristik vorlagenbuch für Senioren,de,2026-07-16 03:47:19.134671+00:00,2026-07-16 03:47:19.134671+00:00
21854,25061,Karriere arbeitsbuch für Studenten,de,2026-07-16 03:47:19.134671+00:00,2026-07-16 03:47:19.134671+00:00
21855,25062,Garten checkliste für Studenten,de,2026-07-16 03:47:19.134671+00:00,2026-07-16 03:47:19.134671+00:00
21856,25063,Chronische Erkrankung tagebuch für Studenten,de,2026-07-16 03:47:19.134671+00:00,2026-07-16 03:47:19.134671+00:00
21857,25065,Karriere tagebuch für Anfaenger,de,2026-07-16 03:47:19.134671+00:00,2026-07-16 03:47:19.134671+00:00
21858,25066,Office Verwaltung workbook für Studenten,de,2026-07-16 03:47:19.134671+00:00,2026-07-16 03:47:19.134671+00:00
21859,25067,Garten vorlagenbuch für Anfaenger,de,2026-07-16 03:47:19.134671+00:00,2026-07-16 03:47:19.134671+00:00
21860,25068,Office Verwaltung arbeitsbuch für Anfaenger,de,2026-07-16 03:47:19.134671+00:00,2026-07-16 03:47:19.134671+00:00
21861,25069,Journaling checkliste für Studenten,de,2026-07-16 03:47:19.134671+00:00,2026-07-16 03:47:19.134671+00:00
21862,25070,Journaling vorlagenbuch für Anfaenger,de,2026-07-16 03:47:19.134671+00:00,2026-07-16 03:47:19.134671+00:00
21863,25071,Programmieren Lernen leitfaden für Anfaenger,de,2026-07-16 03:47:19.134671+00:00,2026-07-16 03:47:19.134671+00:00
21864,25072,Kleintiere ratgeber für Studenten,de,2026-07-16 03:47:19.134671+00:00,2026-07-16 03:47:19.134671+00:00
21865,25073,Veranstaltungen planer für Studenten,de,2026-07-16 03:47:19.134671+00:00,2026-07-16 03:47:19.134671+00:00
21866,25074,Kleintiere leitfaden für Anfaenger,de,2026-07-16 03:47:19.134671+00:00,2026-07-16 03:47:19.134671+00:00
21867,25075,Nachhaltigkeit vorlagenbuch für Studenten,de,2026-07-16 03:47:19.134671+00:00,2026-07-16 03:47:19.134671+00:00
21868,25076,Transport Logistik arbeitsbuch für Anfaenger,de,2026-07-16 03:47:19.134671+00:00,2026-07-16 03:47:19.134671+00:00
21869,25077,Rente Vorsorge tagebuch für Studenten,de,2026-07-16 03:47:19.134671+00:00,2026-07-16 03:47:19.134671+00:00
21870,25078,Notfall Vorsorge leitfaden für Studenten,de,2026-07-16 03:47:19.134671+00:00,2026-07-16 03:47:19.134671+00:00
21871,25079,Rente Vorsorge arbeitsbuch für Anfaenger,de,2026-07-16 03:47:19.134671+00:00,2026-07-16 03:47:19.134671+00:00
21872,25080,Steuern ratgeber für Studenten,de,2026-07-16 03:47:19.134671+00:00,2026-07-16 03:47:19.134671+00:00
21873,25081,Familiengeschichte workbook für Anfaenger,de,2026-07-16 03:47:19.134671+00:00,2026-07-16 03:47:19.134671+00:00
21874,25082,Seo Content planer für Studenten,de,2026-07-16 03:47:19.134671+00:00,2026-07-16 03:47:19.134671+00:00
21875,25083,Seo Content praxisbuch für Anfaenger,de,2026-07-16 03:47:19.134671+00:00,2026-07-16 03:47:19.134671+00:00
21876,25084,Transport Logistik tagebuch für Studenten,de,2026-07-16 03:47:19.134671+00:00,2026-07-16 03:47:19.134671+00:00
21877,25085,Steuern leitfaden für Anfaenger,de,2026-07-16 03:47:19.134671+00:00,2026-07-16 03:47:19.134671+00:00
21878,25086,Zeichnen tagebuch für Anfaenger,de,2026-07-16 03:47:19.134671+00:00,2026-07-16 03:47:19.134671+00:00
21879,25087,Selbsthilfe checkliste für Studenten,de,2026-07-16 03:47:19.134671+00:00,2026-07-16 03:47:19.134671+00:00
21880,25088,Selbsthilfe vorlagenbuch für Anfaenger,de,2026-07-16 03:47:19.134671+00:00,2026-07-16 03:47:19.134671+00:00
21881,25089,Tiergesundheit ratgeber für Studenten,de,2026-07-16 03:47:19.134671+00:00,2026-07-16 03:47:19.134671+00:00
21882,25090,Tiergesundheit leitfaden für Anfaenger,de,2026-07-16 03:47:19.134671+00:00,2026-07-16 03:47:19.134671+00:00
21883,25091,Verbraucherrechte tagebuch für Anfaenger,de,2026-07-16 03:47:19.134671+00:00,2026-07-16 03:47:19.134671+00:00
21884,25093,Verbraucherrechte arbeitsbuch für Studenten,de,2026-07-16 03:47:19.134671+00:00,2026-07-16 03:47:19.134671+00:00
21885,25094,Verbraucherrechte workbook für Anfaenger,de,2026-07-16 03:47:19.134671+00:00,2026-07-16 03:47:19.134671+00:00
21886,25095,Vogelhaltung planer für Anfaenger,de,2026-07-16 03:47:19.134671+00:00,2026-07-16 03:47:19.134671+00:00
21887,25096,Vogelhaltung praxisbuch für Studenten,de,2026-07-16 03:47:19.134671+00:00,2026-07-16 03:47:19.134671+00:00
21888,25097,Angeln checkliste für Anfaenger,de,2026-07-16 03:47:19.134671+00:00,2026-07-16 03:47:19.134671+00:00
21889,25098,Angeln vorlagenbuch für Studenten,de,2026-07-16 03:47:19.134671+00:00,2026-07-16 03:47:19.134671+00:00
21890,25099,Zeichnen arbeitsbuch für Studenten,de,2026-07-16 03:47:19.134671+00:00,2026-07-16 03:47:19.134671+00:00
21891,25100,Industrie Produktion workbook für Studenten,de,2026-07-16 03:47:19.134671+00:00,2026-07-16 03:47:19.134671+00:00
21892,25101,Nachhaltigkeit checkliste für Anfaenger,de,2026-07-16 03:47:19.134671+00:00,2026-07-16 03:47:19.134671+00:00
21893,25102,Naehen Handarbeit praxisbuch für Studenten,de,2026-07-16 03:47:19.134671+00:00,2026-07-16 03:47:19.134671+00:00
21894,25103,Personal Hr praxisbuch für Anfaenger,de,2026-07-16 03:47:19.134671+00:00,2026-07-16 03:47:19.134671+00:00
21895,25104,Industrie Produktion arbeitsbuch für Anfaenger,de,2026-07-16 03:47:19.134671+00:00,2026-07-16 03:47:19.134671+00:00
21896,25105,Zeichnen workbook für Anfaenger,de,2026-07-16 03:47:19.134671+00:00,2026-07-16 03:47:19.134671+00:00
21897,25106,Office Verwaltung tagebuch für Studenten,de,2026-07-16 03:47:19.134671+00:00,2026-07-16 03:47:19.134671+00:00
21898,25107,Industrie Produktion tagebuch für Studenten,de,2026-07-16 03:47:19.134671+00:00,2026-07-16 03:47:19.134671+00:00
21899,25108,Naehen Handarbeit planer für Anfaenger,de,2026-07-16 03:47:19.134671+00:00,2026-07-16 03:47:19.134671+00:00
21900,25109,Veranstaltungen praxisbuch für Anfaenger,de,2026-07-16 03:47:19.134671+00:00,2026-07-16 03:47:19.134671+00:00
21901,25110,Musik arbeitsbuch für Studenten,de,2026-07-16 03:47:19.134671+00:00,2026-07-16 03:47:19.134671+00:00
21902,25111,Autismus leitfaden für Studenten,de,2026-07-16 03:47:19.134671+00:00,2026-07-16 03:47:19.134671+00:00
21903,25112,Zeitmanagement planer für Anfaenger,de,2026-07-16 03:47:19.134671+00:00,2026-07-16 03:47:19.134671+00:00
21904,25113,Holzwerken Diy leitfaden für Studenten,de,2026-07-16 03:47:19.134671+00:00,2026-07-16 03:47:19.134671+00:00
21905,25115,Musik tagebuch für Anfaenger,de,2026-07-16 03:47:19.134671+00:00,2026-07-16 03:47:19.134671+00:00
21906,25116,Energie ratgeber für Studenten,de,2026-07-16 03:47:19.134671+00:00,2026-07-16 03:47:19.134671+00:00
21907,25117,Fotografie Video planer für Anfaenger,de,2026-07-16 03:47:19.134671+00:00,2026-07-16 03:47:19.134671+00:00
21908,25118,Holzwerken Diy ratgeber für Anfaenger,de,2026-07-16 03:47:19.134671+00:00,2026-07-16 03:47:19.134671+00:00
21909,25119,Energie leitfaden für Anfaenger,de,2026-07-16 03:47:19.134671+00:00,2026-07-16 03:47:19.134671+00:00
21910,25120,Vereine checkliste für Studenten,de,2026-07-16 03:47:19.134671+00:00,2026-07-16 03:47:19.134671+00:00
21911,25121,Eltern Kind vorlagenbuch für Anfaenger,de,2026-07-16 03:47:19.134671+00:00,2026-07-16 03:47:19.134671+00:00
21912,25122,Eltern Kind checkliste für Studenten,de,2026-07-16 03:47:19.134671+00:00,2026-07-16 03:47:19.134671+00:00
21913,25123,Vereine vorlagenbuch für Anfaenger,de,2026-07-16 03:47:19.134671+00:00,2026-07-16 03:47:19.134671+00:00
21914,25124,Produktivitaet vorlagenbuch für Anfaenger,de,2026-07-16 03:47:19.134671+00:00,2026-07-16 03:47:19.134671+00:00
21915,25125,Gemeinde Lokal vorlagenbuch für Studenten,de,2026-07-16 03:47:19.134671+00:00,2026-07-16 03:47:19.134671+00:00
21916,25127,Zeitmanagement praxisbuch für Studenten,de,2026-07-16 03:47:19.134671+00:00,2026-07-16 03:47:19.134671+00:00
21917,25128,Familiengeschichte tagebuch für Anfaenger,de,2026-07-16 03:47:19.134671+00:00,2026-07-16 03:47:19.134671+00:00
21918,25129,Fotografie Video praxisbuch für Studenten,de,2026-07-16 03:47:19.134671+00:00,2026-07-16 03:47:19.134671+00:00
21919,25130,Gemeinde Lokal checkliste für Anfaenger,de,2026-07-16 03:47:19.134671+00:00,2026-07-16 03:47:19.134671+00:00
21920,25131,Haushalt vorlagenbuch für Studenten,de,2026-07-16 03:47:19.134671+00:00,2026-07-16 03:47:19.134671+00:00
21921,25132,Digitale Ordnung praxisbuch für Anfaenger,de,2026-07-16 03:47:19.134671+00:00,2026-07-16 03:47:19.134671+00:00
21922,25133,Aquaristik ratgeber für Anfaenger,de,2026-07-16 03:47:19.134671+00:00,2026-07-16 03:47:19.134671+00:00
21923,25134,Gastro praxisbuch für Studenten,de,2026-07-16 03:47:19.134671+00:00,2026-07-16 03:47:19.134671+00:00
21924,25135,Familiengeschichte arbeitsbuch für Studenten,de,2026-07-16 03:47:19.134671+00:00,2026-07-16 03:47:19.134671+00:00
21925,25136,Aquaristik leitfaden für Studenten,de,2026-07-16 03:47:19.134671+00:00,2026-07-16 03:47:19.134671+00:00
21926,25137,Zielplanung checkliste für Anfaenger,de,2026-07-16 03:47:19.134671+00:00,2026-07-16 03:47:19.134671+00:00
21927,25138,Gastro planer für Anfaenger,de,2026-07-16 03:47:19.134671+00:00,2026-07-16 03:47:19.134671+00:00
21928,25139,Digitale Ordnung planer für Studenten,de,2026-07-16 03:47:19.134671+00:00,2026-07-16 03:47:19.134671+00:00
21929,25140,Haushalt checkliste für Anfaenger,de,2026-07-16 03:47:19.134671+00:00,2026-07-16 03:47:19.134671+00:00
21930,25141,Fuehrung Team arbeitsbuch für Studenten,de,2026-07-16 03:47:19.134671+00:00,2026-07-16 03:47:19.134671+00:00
21931,25142,Autismus ratgeber für Anfaenger,de,2026-07-16 03:47:19.134671+00:00,2026-07-16 03:47:19.134671+00:00
21932,25143,Personenbeförderungsschein,de,2026-07-16 03:47:19.134671+00:00,2026-07-16 03:47:19.134671+00:00
21933,25144,Fuehrung Team tagebuch für Anfaenger,de,2026-07-16 03:47:19.134671+00:00,2026-07-16 03:47:19.134671+00:00
21934,25145,Fitness Sport arbeitsbuch für Anfaenger,de,2026-07-16 03:47:19.134671+00:00,2026-07-16 03:47:19.134671+00:00
21935,25146,Fitness Sport workbook für Studenten,de,2026-07-16 03:47:19.134671+00:00,2026-07-16 03:47:19.134671+00:00
21936,25147,Versicherung ratgeber für Studenten,de,2026-07-16 03:47:19.134671+00:00,2026-07-16 03:47:19.134671+00:00
21937,25149,Produktivitaet checkliste für Studenten,de,2026-07-16 03:47:19.134671+00:00,2026-07-16 03:47:19.134671+00:00
21938,25150,Programmieren Lernen ratgeber für Studenten,de,2026-07-16 03:47:19.134671+00:00,2026-07-16 03:47:19.134671+00:00
21939,25151,Fitness Sport tagebuch für Studenten,de,2026-07-16 03:47:19.134671+00:00,2026-07-16 03:47:19.134671+00:00
21940,25152,Hobby ratgeber für Anfaenger,de,2026-07-16 03:47:19.134671+00:00,2026-07-16 03:47:19.134671+00:00
21941,25154,Reise Umzug planer für Studenten,de,2026-07-16 03:47:19.134671+00:00,2026-07-16 03:47:19.134671+00:00
21942,25155,Chronische Erkrankung arbeitsbuch für Anfaenger,de,2026-07-16 03:47:19.134671+00:00,2026-07-16 03:47:19.134671+00:00
21943,25156,Adhs leitfaden für Studenten,de,2026-07-16 03:47:19.134671+00:00,2026-07-16 03:47:19.134671+00:00
21944,25157,Adhs ratgeber für Anfaenger,de,2026-07-16 03:47:19.134671+00:00,2026-07-16 03:47:19.134671+00:00
21945,25158,Notfall Vorsorge ratgeber für Anfaenger,de,2026-07-16 03:47:19.134671+00:00,2026-07-16 03:47:19.134671+00:00
21946,25159,Reise Umzug praxisbuch für Anfaenger,de,2026-07-16 03:47:19.134671+00:00,2026-07-16 03:47:19.134671+00:00
21947,25160,Zielplanung vorlagenbuch für Studenten,de,2026-07-16 03:47:19.134671+00:00,2026-07-16 03:47:19.134671+00:00
21948,25161,It planer für Studenten,de,2026-07-16 03:47:19.134671+00:00,2026-07-16 03:47:19.134671+00:00
21949,25162,Kochen vorlagenbuch für Studenten,de,2026-07-16 03:47:19.134671+00:00,2026-07-16 03:47:19.134671+00:00
21950,25163,Hobby leitfaden für Studenten,de,2026-07-16 03:47:19.134671+00:00,2026-07-16 03:47:19.134671+00:00
21951,25164,Kochen checkliste für Anfaenger,de,2026-07-16 03:47:19.134671+00:00,2026-07-16 03:47:19.134671+00:00
21952,25165,Versicherung leitfaden für Anfaenger,de,2026-07-16 03:47:19.134671+00:00,2026-07-16 03:47:19.134671+00:00
21953,25166,It praxisbuch für Anfaenger,de,2026-07-16 03:47:19.134671+00:00,2026-07-16 03:47:19.134671+00:00
21954,25167,Senioren praxisbuch für Studenten,de,2026-07-16 03:47:19.134671+00:00,2026-07-16 03:47:19.134671+00:00
21955,25168,Personal Hr planer für Studenten,de,2026-07-16 03:47:19.134671+00:00,2026-07-16 03:47:19.134671+00:00
21956,25169,Senioren planer für Anfaenger,de,2026-07-16 03:47:19.134671+00:00,2026-07-16 03:47:19.134671+00:00
21957,25170,Chronische Erkrankung planer für Berufstaetige,de,2026-07-16 03:47:19.134671+00:00,2026-07-16 03:47:19.134671+00:00
21958,25172,Jagdprüfung,de,2026-07-16 03:47:19.134671+00:00,2026-07-16 03:47:19.134671+00:00
21959,25174,Autismus workbook für Berufstaetige,de,2026-07-16 03:47:19.134671+00:00,2026-07-16 03:47:19.134671+00:00
21960,25177,Verkäufer,de,2026-07-16 03:47:19.134671+00:00,2026-07-16 03:47:19.134671+00:00
21961,25178,Veranstaltungen checkliste für Berufstaetige,de,2026-07-16 03:47:19.134671+00:00,2026-07-16 03:47:19.134671+00:00
21962,25179,Übersetzer,de,2026-07-16 03:47:19.134671+00:00,2026-07-16 03:47:19.134671+00:00
21963,25180,Gerüstbauer,de,2026-07-16 03:47:19.134671+00:00,2026-07-16 03:47:19.134671+00:00
21964,25181,schulwechsel checkliste für eltern,de,2026-07-16 03:47:19.134671+00:00,2026-07-16 03:47:19.134671+00:00
21965,25183,Transport Logistik praxisbuch für Jugendliche,de,2026-07-16 03:47:19.134671+00:00,2026-07-16 03:47:19.134671+00:00
21966,25185,vorratshaltung checkliste für haushalte,de,2026-07-16 03:47:19.134671+00:00,2026-07-16 03:47:19.134671+00:00
21967,25187,Transport Logistik planer für Berufstaetige,de,2026-07-16 03:47:19.134671+00:00,2026-07-16 03:47:19.134671+00:00
21968,25188,marathon trainingsplan für fortgeschrittene,de,2026-07-16 03:47:19.134671+00:00,2026-07-16 03:47:19.134671+00:00
21969,25189,Studium arbeitsbuch für Jugendliche,de,2026-07-16 03:47:19.134671+00:00,2026-07-16 03:47:19.134671+00:00
21970,25190,wohnmobil reise tagebuch,de,2026-07-16 03:47:19.134671+00:00,2026-07-16 03:47:19.134671+00:00
21971,25191,Musik planer für Jugendliche,de,2026-07-16 03:47:19.134671+00:00,2026-07-16 03:47:19.134671+00:00
21972,25192,pflanzplan für schnittblumen,de,2026-07-16 03:47:19.134671+00:00,2026-07-16 03:47:19.134671+00:00
21973,25193,Autismus arbeitsbuch für Jugendliche,de,2026-07-16 03:47:19.134671+00:00,2026-07-16 03:47:19.134671+00:00
21974,25194,Musik praxisbuch für Berufstaetige,de,2026-07-16 03:47:19.134671+00:00,2026-07-16 03:47:19.134671+00:00
21975,25195,Studium tagebuch für Berufstaetige,de,2026-07-16 03:47:19.134671+00:00,2026-07-16 03:47:19.134671+00:00
21976,25196,spendenquittung organiser für spenden,de,2026-07-16 03:47:19.134671+00:00,2026-07-16 03:47:19.134671+00:00
21977,25197,Migration arbeitsbuch für Berufstaetige,de,2026-07-16 03:47:19.134671+00:00,2026-07-16 03:47:19.134671+00:00
21978,25198,retouren management für online händler,de,2026-07-16 03:47:19.134671+00:00,2026-07-16 03:47:19.134671+00:00
21979,25199,Naehen Handarbeit checkliste für Jugendliche,de,2026-07-16 03:47:19.134671+00:00,2026-07-16 03:47:19.134671+00:00
21980,25200,Migration tagebuch für Jugendliche,de,2026-07-16 03:47:19.134671+00:00,2026-07-16 03:47:19.134671+00:00
21981,25201,Personal Hr vorlagenbuch für Jugendliche,de,2026-07-16 03:47:19.134671+00:00,2026-07-16 03:47:19.134671+00:00
21982,25203,Naehen Handarbeit vorlagenbuch für Berufstaetige,de,2026-07-16 03:47:19.134671+00:00,2026-07-16 03:47:19.134671+00:00
21983,25204,Nachhaltigkeit ratgeber für Jugendliche,de,2026-07-16 03:47:19.134671+00:00,2026-07-16 03:47:19.134671+00:00
21984,25205,notiztechnik für meetings,de,2026-07-16 03:47:19.134671+00:00,2026-07-16 03:47:19.134671+00:00
21985,25206,lerntyp test und strategien für erwachsene,de,2026-07-16 03:47:19.134671+00:00,2026-07-16 03:47:19.134671+00:00
21986,25207,Angeln leitfaden für Berufstaetige,de,2026-07-16 03:47:19.134671+00:00,2026-07-16 03:47:19.134671+00:00
21987,25208,Angeln ratgeber für Jugendliche,de,2026-07-16 03:47:19.134671+00:00,2026-07-16 03:47:19.134671+00:00
21988,25209,Vogelhaltung vorlagenbuch für Berufstaetige,de,2026-07-16 03:47:19.134671+00:00,2026-07-16 03:47:19.134671+00:00
21989,25210,Vogelhaltung checkliste für Jugendliche,de,2026-07-16 03:47:19.134671+00:00,2026-07-16 03:47:19.134671+00:00
21990,25211,Verbraucherrechte praxisbuch für Berufstaetige,de,2026-07-16 03:47:19.134671+00:00,2026-07-16 03:47:19.134671+00:00
21991,25212,Verbraucherrechte planer für Jugendliche,de,2026-07-16 03:47:19.134671+00:00,2026-07-16 03:47:19.134671+00:00
21992,25213,Tiergesundheit workbook für Jugendliche,de,2026-07-16 03:47:19.134671+00:00,2026-07-16 03:47:19.134671+00:00
21993,25214,Tiergesundheit arbeitsbuch für Berufstaetige,de,2026-07-16 03:47:19.134671+00:00,2026-07-16 03:47:19.134671+00:00
21994,25215,Tiergesundheit tagebuch für Jugendliche,de,2026-07-16 03:47:19.134671+00:00,2026-07-16 03:47:19.134671+00:00
21995,25216,Selbsthilfe leitfaden für Jugendliche,de,2026-07-16 03:47:19.134671+00:00,2026-07-16 03:47:19.134671+00:00
21996,25217,Selbsthilfe ratgeber für Berufstaetige,de,2026-07-16 03:47:19.134671+00:00,2026-07-16 03:47:19.134671+00:00
21997,25218,Seo Content vorlagenbuch für Jugendliche,de,2026-07-16 03:47:19.134671+00:00,2026-07-16 03:47:19.134671+00:00
21998,25219,Seo Content checkliste für Berufstaetige,de,2026-07-16 03:47:19.134671+00:00,2026-07-16 03:47:19.134671+00:00
21999,25220,Rente Vorsorge praxisbuch für Jugendliche,de,2026-07-16 03:47:19.134671+00:00,2026-07-16 03:47:19.134671+00:00
22000,25221,Rente Vorsorge planer für Berufstaetige,de,2026-07-16 03:47:19.134671+00:00,2026-07-16 03:47:19.134671+00:00
22001,25222,Pferde arbeitsbuch für Jugendliche,de,2026-07-16 03:47:19.134671+00:00,2026-07-16 03:47:19.134671+00:00
22002,25223,Pferde tagebuch für Berufstaetige,de,2026-07-16 03:47:19.134671+00:00,2026-07-16 03:47:19.134671+00:00
22003,25224,Nachhaltigkeit leitfaden für Berufstaetige,de,2026-07-16 03:47:19.134671+00:00,2026-07-16 03:47:19.134671+00:00
22004,25225,Kleintiere workbook für Jugendliche,de,2026-07-16 03:47:19.134671+00:00,2026-07-16 03:47:19.134671+00:00
22005,25226,Kleintiere arbeitsbuch für Berufstaetige,de,2026-07-16 03:47:19.134671+00:00,2026-07-16 03:47:19.134671+00:00
22006,25227,Schule tagebuch für Jugendliche,de,2026-07-16 03:47:19.134671+00:00,2026-07-16 03:47:19.134671+00:00
22007,25228,Programmieren Lernen workbook für Jugendliche,de,2026-07-16 03:47:19.134671+00:00,2026-07-16 03:47:19.134671+00:00
22008,25229,Schule arbeitsbuch für Berufstaetige,de,2026-07-16 03:47:19.134671+00:00,2026-07-16 03:47:19.134671+00:00
22009,25230,Journaling leitfaden für Jugendliche,de,2026-07-16 03:47:19.134671+00:00,2026-07-16 03:47:19.134671+00:00
22010,25231,Karriere planer für Jugendliche,de,2026-07-16 03:47:19.134671+00:00,2026-07-16 03:47:19.134671+00:00
22011,25232,Journaling ratgeber für Berufstaetige,de,2026-07-16 03:47:19.134671+00:00,2026-07-16 03:47:19.134671+00:00
22012,25234,Karriere praxisbuch für Berufstaetige,de,2026-07-16 03:47:19.134671+00:00,2026-07-16 03:47:19.134671+00:00
22013,25235,Senioren checkliste für Jugendliche,de,2026-07-16 03:47:19.134671+00:00,2026-07-16 03:47:19.134671+00:00
22014,25236,Senioren vorlagenbuch für Berufstaetige,de,2026-07-16 03:47:19.134671+00:00,2026-07-16 03:47:19.134671+00:00
22015,25237,Notfall Vorsorge tagebuch für Berufstaetige,de,2026-07-16 03:47:19.134671+00:00,2026-07-16 03:47:19.134671+00:00
22016,25238,It vorlagenbuch für Jugendliche,de,2026-07-16 03:47:19.134671+00:00,2026-07-16 03:47:19.134671+00:00
22017,25239,Kochen ratgeber für Jugendliche,de,2026-07-16 03:47:19.134671+00:00,2026-07-16 03:47:19.134671+00:00
22018,25240,Kochen leitfaden für Berufstaetige,de,2026-07-16 03:47:19.134671+00:00,2026-07-16 03:47:19.134671+00:00
22019,25241,Notfall Vorsorge arbeitsbuch für Jugendliche,de,2026-07-16 03:47:19.134671+00:00,2026-07-16 03:47:19.134671+00:00
22020,25242,Adhs tagebuch für Berufstaetige,de,2026-07-16 03:47:19.134671+00:00,2026-07-16 03:47:19.134671+00:00
22021,25243,It checkliste für Berufstaetige,de,2026-07-16 03:47:19.134671+00:00,2026-07-16 03:47:19.134671+00:00
22022,25244,Adhs arbeitsbuch für Jugendliche,de,2026-07-16 03:47:19.134671+00:00,2026-07-16 03:47:19.134671+00:00
22023,25245,Adhs workbook für Berufstaetige,de,2026-07-16 03:47:19.134671+00:00,2026-07-16 03:47:19.134671+00:00
22024,25246,Fitness Sport planer für Berufstaetige,de,2026-07-16 03:47:19.134671+00:00,2026-07-16 03:47:19.134671+00:00
22025,25247,Fitness Sport praxisbuch für Jugendliche,de,2026-07-16 03:47:19.134671+00:00,2026-07-16 03:47:19.134671+00:00
22026,25248,Reise Umzug checkliste für Berufstaetige,de,2026-07-16 03:47:19.134671+00:00,2026-07-16 03:47:19.134671+00:00
22027,25249,Reise Umzug vorlagenbuch für Jugendliche,de,2026-07-16 03:47:19.134671+00:00,2026-07-16 03:47:19.134671+00:00
22028,25250,Programmieren Lernen arbeitsbuch für Berufstaetige,de,2026-07-16 03:47:19.134671+00:00,2026-07-16 03:47:19.134671+00:00
22029,25251,Garten ratgeber für Berufstaetige,de,2026-07-16 03:47:19.134671+00:00,2026-07-16 03:47:19.134671+00:00
22030,25252,Garten leitfaden für Jugendliche,de,2026-07-16 03:47:19.134671+00:00,2026-07-16 03:47:19.134671+00:00
22031,25253,Notfall Vorsorge workbook für Berufstaetige,de,2026-07-16 03:47:19.134671+00:00,2026-07-16 03:47:19.134671+00:00
22032,25254,Steuern arbeitsbuch für Berufstaetige,de,2026-07-16 03:47:19.134671+00:00,2026-07-16 03:47:19.134671+00:00
22033,25255,Steuern workbook für Jugendliche,de,2026-07-16 03:47:19.134671+00:00,2026-07-16 03:47:19.134671+00:00
22034,25256,Industrie Produktion praxisbuch für Jugendliche,de,2026-07-16 03:47:19.134671+00:00,2026-07-16 03:47:19.134671+00:00
22035,25257,Industrie Produktion planer für Berufstaetige,de,2026-07-16 03:47:19.134671+00:00,2026-07-16 03:47:19.134671+00:00
22036,25258,Holzwerken Diy workbook für Berufstaetige,de,2026-07-16 03:47:19.134671+00:00,2026-07-16 03:47:19.134671+00:00
22037,25259,Holzwerken Diy arbeitsbuch für Jugendliche,de,2026-07-16 03:47:19.134671+00:00,2026-07-16 03:47:19.134671+00:00
22038,25260,Holzwerken Diy tagebuch für Berufstaetige,de,2026-07-16 03:47:19.134671+00:00,2026-07-16 03:47:19.134671+00:00
22039,25261,Gemeinde Lokal leitfaden für Berufstaetige,de,2026-07-16 03:47:19.134671+00:00,2026-07-16 03:47:19.134671+00:00
22040,25262,Gemeinde Lokal ratgeber für Jugendliche,de,2026-07-16 03:47:19.134671+00:00,2026-07-16 03:47:19.134671+00:00
22041,25263,Gastro vorlagenbuch für Berufstaetige,de,2026-07-16 03:47:19.134671+00:00,2026-07-16 03:47:19.134671+00:00
22042,25264,Gastro checkliste für Jugendliche,de,2026-07-16 03:47:19.134671+00:00,2026-07-16 03:47:19.134671+00:00
22043,25265,Fuehrung Team praxisbuch für Berufstaetige,de,2026-07-16 03:47:19.134671+00:00,2026-07-16 03:47:19.134671+00:00
22044,25266,Fuehrung Team planer für Jugendliche,de,2026-07-16 03:47:19.134671+00:00,2026-07-16 03:47:19.134671+00:00
22045,25267,Freiwilligenarbeit arbeitsbuch für Berufstaetige,de,2026-07-16 03:47:19.134671+00:00,2026-07-16 03:47:19.134671+00:00
22046,25268,Freiwilligenarbeit tagebuch für Jugendliche,de,2026-07-16 03:47:19.134671+00:00,2026-07-16 03:47:19.134671+00:00
22047,25269,Office Verwaltung planer für Berufstaetige,de,2026-07-16 03:47:19.134671+00:00,2026-07-16 03:47:19.134671+00:00
22048,25270,Aquaristik workbook für Berufstaetige,de,2026-07-16 03:47:19.134671+00:00,2026-07-16 03:47:19.134671+00:00
22049,25271,Aquaristik arbeitsbuch für Jugendliche,de,2026-07-16 03:47:19.134671+00:00,2026-07-16 03:47:19.134671+00:00
22050,25272,Office Verwaltung praxisbuch für Jugendliche,de,2026-07-16 03:47:19.134671+00:00,2026-07-16 03:47:19.134671+00:00
22051,25273,Zielplanung leitfaden für Berufstaetige,de,2026-07-16 03:47:19.134671+00:00,2026-07-16 03:47:19.134671+00:00
22052,25274,Zielplanung ratgeber für Jugendliche,de,2026-07-16 03:47:19.134671+00:00,2026-07-16 03:47:19.134671+00:00
22053,25275,Zeitmanagement vorlagenbuch für Berufstaetige,de,2026-07-16 03:47:19.134671+00:00,2026-07-16 03:47:19.134671+00:00
22054,25276,Zeitmanagement checkliste für Jugendliche,de,2026-07-16 03:47:19.134671+00:00,2026-07-16 03:47:19.134671+00:00
22055,25277,Baby Kleinkind tagebuch für Berufstaetige,de,2026-07-16 03:47:19.134671+00:00,2026-07-16 03:47:19.134671+00:00
22056,25278,Lokführer,de,2026-07-16 03:47:19.134671+00:00,2026-07-16 03:47:19.134671+00:00
22057,25279,Baby Kleinkind arbeitsbuch für Jugendliche,de,2026-07-16 03:47:19.134671+00:00,2026-07-16 03:47:19.134671+00:00
22058,25280,Zeichnen praxisbuch für Berufstaetige,de,2026-07-16 03:47:19.134671+00:00,2026-07-16 03:47:19.134671+00:00
22059,25281,Zeichnen planer für Jugendliche,de,2026-07-16 03:47:19.134671+00:00,2026-07-16 03:47:19.134671+00:00
22060,25282,Chronische Erkrankung praxisbuch für Jugendliche,de,2026-07-16 03:47:19.134671+00:00,2026-07-16 03:47:19.134671+00:00
22061,25283,Versicherung workbook für Jugendliche,de,2026-07-16 03:47:19.134671+00:00,2026-07-16 03:47:19.134671+00:00
22062,25284,Versicherung arbeitsbuch für Berufstaetige,de,2026-07-16 03:47:19.134671+00:00,2026-07-16 03:47:19.134671+00:00
22063,25285,Versicherung tagebuch für Jugendliche,de,2026-07-16 03:47:19.134671+00:00,2026-07-16 03:47:19.134671+00:00
22064,25286,Digitale Ordnung checkliste für Berufstaetige,de,2026-07-16 03:47:19.134671+00:00,2026-07-16 03:47:19.134671+00:00
22065,25287,Digitale Ordnung vorlagenbuch für Jugendliche,de,2026-07-16 03:47:19.134671+00:00,2026-07-16 03:47:19.134671+00:00
22066,25288,Vereine leitfaden für Jugendliche,de,2026-07-16 03:47:19.134671+00:00,2026-07-16 03:47:19.134671+00:00
22067,25289,Eltern Kind ratgeber für Berufstaetige,de,2026-07-16 03:47:19.134671+00:00,2026-07-16 03:47:19.134671+00:00
22068,25290,Eltern Kind leitfaden für Jugendliche,de,2026-07-16 03:47:19.134671+00:00,2026-07-16 03:47:19.134671+00:00
22069,25291,Produktivitaet leitfaden für Jugendliche,de,2026-07-16 03:47:19.134671+00:00,2026-07-16 03:47:19.134671+00:00
22070,25292,Energie tagebuch für Jugendliche,de,2026-07-16 03:47:19.134671+00:00,2026-07-16 03:47:19.134671+00:00
22071,25293,Vereine ratgeber für Berufstaetige,de,2026-07-16 03:47:19.134671+00:00,2026-07-16 03:47:19.134671+00:00
22072,25294,Energie arbeitsbuch für Berufstaetige,de,2026-07-16 03:47:19.134671+00:00,2026-07-16 03:47:19.134671+00:00
22073,25295,Energie workbook für Jugendliche,de,2026-07-16 03:47:19.134671+00:00,2026-07-16 03:47:19.134671+00:00
22074,25296,Familiengeschichte planer für Jugendliche,de,2026-07-16 03:47:19.134671+00:00,2026-07-16 03:47:19.134671+00:00
22075,25297,Familiengeschichte praxisbuch für Berufstaetige,de,2026-07-16 03:47:19.134671+00:00,2026-07-16 03:47:19.134671+00:00
22076,25298,Fotografie Video checkliste für Jugendliche,de,2026-07-16 03:47:19.134671+00:00,2026-07-16 03:47:19.134671+00:00
22077,25299,Fotografie Video vorlagenbuch für Berufstaetige,de,2026-07-16 03:47:19.134671+00:00,2026-07-16 03:47:19.134671+00:00
22078,25300,Haushalt ratgeber für Jugendliche,de,2026-07-16 03:47:19.134671+00:00,2026-07-16 03:47:19.134671+00:00
22079,25301,Haushalt leitfaden für Berufstaetige,de,2026-07-16 03:47:19.134671+00:00,2026-07-16 03:47:19.134671+00:00
22080,25302,Hobby arbeitsbuch für Jugendliche,de,2026-07-16 03:47:19.134671+00:00,2026-07-16 03:47:19.134671+00:00
22081,25303,Hobby workbook für Berufstaetige,de,2026-07-16 03:47:19.134671+00:00,2026-07-16 03:47:19.134671+00:00
22082,25304,Produktivitaet ratgeber für Berufstaetige,de,2026-07-16 03:47:19.134671+00:00,2026-07-16 03:47:19.134671+00:00
22083,25305,Personal Hr checkliste für Berufstaetige,de,2026-07-16 03:47:19.134671+00:00,2026-07-16 03:47:19.134671+00:00
22084,25309,Tablet für Senioren,de,2026-07-16 03:47:19.134671+00:00,2026-07-16 03:47:19.134671+00:00
22085,25311,E-Learning,de,2026-07-16 03:47:19.134671+00:00,2026-07-16 03:47:19.134671+00:00
22086,25318,Mülltrennung,de,2026-07-16 03:47:19.134671+00:00,2026-07-16 03:47:19.134671+00:00
22087,25319,KI für Journalisten,de,2026-07-16 03:47:19.134671+00:00,2026-07-16 03:47:19.134671+00:00
22088,25320,Veranstaltungen vorlagenbuch für Jugendliche,de,2026-07-16 03:47:19.134671+00:00,2026-07-16 03:47:19.134671+00:00
22089,25322,Ausbildung arbeitsbuch für Kleinunternehmer,de,2026-07-16 03:47:19.134671+00:00,2026-07-16 03:47:19.134671+00:00
22090,25323,Zeitmanagement leitfaden für Familien,de,2026-07-16 03:47:19.134671+00:00,2026-07-16 03:47:19.134671+00:00
22091,25324,Ausbildung tagebuch für Familien,de,2026-07-16 03:47:19.134671+00:00,2026-07-16 03:47:19.134671+00:00
22092,25325,Fotografie Video leitfaden für Familien,de,2026-07-16 03:47:19.134671+00:00,2026-07-16 03:47:19.134671+00:00
22093,25326,Angeln workbook für Familien,de,2026-07-16 03:47:19.134671+00:00,2026-07-16 03:47:19.134671+00:00
22094,25327,Zielplanung arbeitsbuch für Kleinunternehmer,de,2026-07-16 03:47:19.134671+00:00,2026-07-16 03:47:19.134671+00:00
22095,25328,Zielplanung workbook für Familien,de,2026-07-16 03:47:19.134671+00:00,2026-07-16 03:47:19.134671+00:00
22096,25329,Office Verwaltung vorlagenbuch für Kleinunternehmer,de,2026-07-16 03:47:19.134671+00:00,2026-07-16 03:47:19.134671+00:00
22097,25330,Office Verwaltung checkliste für Familien,de,2026-07-16 03:47:19.134671+00:00,2026-07-16 03:47:19.134671+00:00
22098,25331,Fahrzeuge tagebuch für Kleinunternehmer,de,2026-07-16 03:47:19.134671+00:00,2026-07-16 03:47:19.134671+00:00
22099,25332,Produktivitaet workbook für Kleinunternehmer,de,2026-07-16 03:47:19.134671+00:00,2026-07-16 03:47:19.134671+00:00
22100,25333,Fahrzeuge arbeitsbuch für Familien,de,2026-07-16 03:47:19.134671+00:00,2026-07-16 03:47:19.134671+00:00
22101,25334,Freiwilligenarbeit planer für Kleinunternehmer,de,2026-07-16 03:47:19.134671+00:00,2026-07-16 03:47:19.134671+00:00
22102,25335,Freiwilligenarbeit praxisbuch für Familien,de,2026-07-16 03:47:19.134671+00:00,2026-07-16 03:47:19.134671+00:00
22103,25336,Fuehrung Team checkliste für Kleinunternehmer,de,2026-07-16 03:47:19.134671+00:00,2026-07-16 03:47:19.134671+00:00
22104,25337,Fuehrung Team vorlagenbuch für Familien,de,2026-07-16 03:47:19.134671+00:00,2026-07-16 03:47:19.134671+00:00
22105,25338,Haushalt arbeitsbuch für Kleinunternehmer,de,2026-07-16 03:47:19.134671+00:00,2026-07-16 03:47:19.134671+00:00
22106,25339,Transport Logistik checkliste für Familien,de,2026-07-16 03:47:19.134671+00:00,2026-07-16 03:47:19.134671+00:00
22107,25340,Gastro ratgeber für Kleinunternehmer,de,2026-07-16 03:47:19.134671+00:00,2026-07-16 03:47:19.134671+00:00
22108,25341,Gastro leitfaden für Familien,de,2026-07-16 03:47:19.134671+00:00,2026-07-16 03:47:19.134671+00:00
22109,25342,Gemeinde Lokal tagebuch für Familien,de,2026-07-16 03:47:19.134671+00:00,2026-07-16 03:47:19.134671+00:00
22110,25343,Haushalt workbook für Familien,de,2026-07-16 03:47:19.134671+00:00,2026-07-16 03:47:19.134671+00:00
22111,25344,Mental Wellbeing arbeitsbuch für Familien,de,2026-07-16 03:47:19.134671+00:00,2026-07-16 03:47:19.134671+00:00
22112,25345,Gemeinde Lokal arbeitsbuch für Kleinunternehmer,de,2026-07-16 03:47:19.134671+00:00,2026-07-16 03:47:19.134671+00:00
22113,25346,Gemeinde Lokal workbook für Familien,de,2026-07-16 03:47:19.134671+00:00,2026-07-16 03:47:19.134671+00:00
22114,25347,Holzwerken Diy planer für Familien,de,2026-07-16 03:47:19.134671+00:00,2026-07-16 03:47:19.134671+00:00
22115,25348,Holzwerken Diy praxisbuch für Kleinunternehmer,de,2026-07-16 03:47:19.134671+00:00,2026-07-16 03:47:19.134671+00:00
22116,25349,Industrie Produktion checkliste für Familien,de,2026-07-16 03:47:19.134671+00:00,2026-07-16 03:47:19.134671+00:00
22117,25350,Industrie Produktion vorlagenbuch für Kleinunternehmer,de,2026-07-16 03:47:19.134671+00:00,2026-07-16 03:47:19.134671+00:00
22118,25351,Garten workbook für Kleinunternehmer,de,2026-07-16 03:47:19.134671+00:00,2026-07-16 03:47:19.134671+00:00
22119,25352,Garten arbeitsbuch für Familien,de,2026-07-16 03:47:19.134671+00:00,2026-07-16 03:47:19.134671+00:00
22120,25353,Reise Umzug leitfaden für Kleinunternehmer,de,2026-07-16 03:47:19.134671+00:00,2026-07-16 03:47:19.134671+00:00
22121,25354,Reise Umzug ratgeber für Familien,de,2026-07-16 03:47:19.134671+00:00,2026-07-16 03:47:19.134671+00:00
22122,25355,Fitness Sport vorlagenbuch für Kleinunternehmer,de,2026-07-16 03:47:19.134671+00:00,2026-07-16 03:47:19.134671+00:00
22123,25356,Personal Hr ratgeber für Familien,de,2026-07-16 03:47:19.134671+00:00,2026-07-16 03:47:19.134671+00:00
22124,25357,Nachhaltigkeit arbeitsbuch für Kleinunternehmer,de,2026-07-16 03:47:19.134671+00:00,2026-07-16 03:47:19.134671+00:00
22125,25358,Fitness Sport checkliste für Familien,de,2026-07-16 03:47:19.134671+00:00,2026-07-16 03:47:19.134671+00:00
22126,25359,Adhs praxisbuch für Kleinunternehmer,de,2026-07-16 03:47:19.134671+00:00,2026-07-16 03:47:19.134671+00:00
22127,25360,It ratgeber für Familien,de,2026-07-16 03:47:19.134671+00:00,2026-07-16 03:47:19.134671+00:00
22128,25361,Adhs planer für Familien,de,2026-07-16 03:47:19.134671+00:00,2026-07-16 03:47:19.134671+00:00
22129,25362,Nachhaltigkeit tagebuch für Familien,de,2026-07-16 03:47:19.134671+00:00,2026-07-16 03:47:19.134671+00:00
22130,25363,Kochen workbook für Familien,de,2026-07-16 03:47:19.134671+00:00,2026-07-16 03:47:19.134671+00:00
22131,25364,Kochen arbeitsbuch für Kleinunternehmer,de,2026-07-16 03:47:19.134671+00:00,2026-07-16 03:47:19.134671+00:00
22132,25365,Notfall Vorsorge praxisbuch für Kleinunternehmer,de,2026-07-16 03:47:19.134671+00:00,2026-07-16 03:47:19.134671+00:00
22133,25366,It leitfaden für Kleinunternehmer,de,2026-07-16 03:47:19.134671+00:00,2026-07-16 03:47:19.134671+00:00
22134,25367,Kochen tagebuch für Familien,de,2026-07-16 03:47:19.134671+00:00,2026-07-16 03:47:19.134671+00:00
22135,25368,Naehen Handarbeit leitfaden für Familien,de,2026-07-16 03:47:19.134671+00:00,2026-07-16 03:47:19.134671+00:00
22136,25369,Migration planer für Kleinunternehmer,de,2026-07-16 03:47:19.134671+00:00,2026-07-16 03:47:19.134671+00:00
22137,25370,Senioren leitfaden für Familien,de,2026-07-16 03:47:19.134671+00:00,2026-07-16 03:47:19.134671+00:00
22138,25372,Senioren ratgeber für Kleinunternehmer,de,2026-07-16 03:47:19.134671+00:00,2026-07-16 03:47:19.134671+00:00
22139,25373,Produktivitaet arbeitsbuch für Familien,de,2026-07-16 03:47:19.134671+00:00,2026-07-16 03:47:19.134671+00:00
22140,25374,Notfall Vorsorge planer für Familien,de,2026-07-16 03:47:19.134671+00:00,2026-07-16 03:47:19.134671+00:00
22141,25375,Personal Hr leitfaden für Kleinunternehmer,de,2026-07-16 03:47:19.134671+00:00,2026-07-16 03:47:19.134671+00:00
22142,25376,Stadtleben tagebuch für Familien,de,2026-07-16 03:47:19.134671+00:00,2026-07-16 03:47:19.134671+00:00
22143,25377,Transport Logistik vorlagenbuch für Kleinunternehmer,de,2026-07-16 03:47:19.134671+00:00,2026-07-16 03:47:19.134671+00:00
22144,25378,Journaling arbeitsbuch für Familien,de,2026-07-16 03:47:19.134671+00:00,2026-07-16 03:47:19.134671+00:00
22145,25379,Karriere vorlagenbuch für Familien,de,2026-07-16 03:47:19.134671+00:00,2026-07-16 03:47:19.134671+00:00
22146,25380,Karriere checkliste für Kleinunternehmer,de,2026-07-16 03:47:19.134671+00:00,2026-07-16 03:47:19.134671+00:00
22147,25381,Journaling workbook für Kleinunternehmer,de,2026-07-16 03:47:19.134671+00:00,2026-07-16 03:47:19.134671+00:00
22148,25382,Schule praxisbuch für Familien,de,2026-07-16 03:47:19.134671+00:00,2026-07-16 03:47:19.134671+00:00
22149,25383,Schule planer für Kleinunternehmer,de,2026-07-16 03:47:19.134671+00:00,2026-07-16 03:47:19.134671+00:00
22150,25384,Stadtleben arbeitsbuch für Kleinunternehmer,de,2026-07-16 03:47:19.134671+00:00,2026-07-16 03:47:19.134671+00:00
22151,25385,Finanzen arbeitsbuch für Familien,de,2026-07-16 03:47:19.134671+00:00,2026-07-16 03:47:19.134671+00:00
22152,25386,Finanzen tagebuch für Kleinunternehmer,de,2026-07-16 03:47:19.134671+00:00,2026-07-16 03:47:19.134671+00:00
22153,25387,Mietrecht tagebuch für Kleinunternehmer,de,2026-07-16 03:47:19.134671+00:00,2026-07-16 03:47:19.134671+00:00
22154,25388,Mental Wellbeing tagebuch für Kleinunternehmer,de,2026-07-16 03:47:19.134671+00:00,2026-07-16 03:47:19.134671+00:00
22155,25389,Nachhaltigkeit workbook für Familien,de,2026-07-16 03:47:19.134671+00:00,2026-07-16 03:47:19.134671+00:00
22156,25390,Outdoor tagebuch für Familien,de,2026-07-16 03:47:19.134671+00:00,2026-07-16 03:47:19.134671+00:00
22157,25391,Veranstaltungen ratgeber für Familien,de,2026-07-16 03:47:19.134671+00:00,2026-07-16 03:47:19.134671+00:00
22158,25392,Outdoor arbeitsbuch für Kleinunternehmer,de,2026-07-16 03:47:19.134671+00:00,2026-07-16 03:47:19.134671+00:00
22159,25393,Migration praxisbuch für Familien,de,2026-07-16 03:47:19.134671+00:00,2026-07-16 03:47:19.134671+00:00
22160,25394,Pferde planer für Familien,de,2026-07-16 03:47:19.134671+00:00,2026-07-16 03:47:19.134671+00:00
22161,25395,Pferde praxisbuch für Kleinunternehmer,de,2026-07-16 03:47:19.134671+00:00,2026-07-16 03:47:19.134671+00:00
22162,25396,Rente Vorsorge checkliste für Familien,de,2026-07-16 03:47:19.134671+00:00,2026-07-16 03:47:19.134671+00:00
22163,25397,Naehen Handarbeit ratgeber für Kleinunternehmer,de,2026-07-16 03:47:19.134671+00:00,2026-07-16 03:47:19.134671+00:00
22164,25398,Rente Vorsorge vorlagenbuch für Kleinunternehmer,de,2026-07-16 03:47:19.134671+00:00,2026-07-16 03:47:19.134671+00:00
22165,25399,Seo Content ratgeber für Familien,de,2026-07-16 03:47:19.134671+00:00,2026-07-16 03:47:19.134671+00:00
22166,25400,Seo Content leitfaden für Kleinunternehmer,de,2026-07-16 03:47:19.134671+00:00,2026-07-16 03:47:19.134671+00:00
22167,25401,Studium planer für Familien,de,2026-07-16 03:47:19.134671+00:00,2026-07-16 03:47:19.134671+00:00
22168,25402,Musik vorlagenbuch für Familien,de,2026-07-16 03:47:19.134671+00:00,2026-07-16 03:47:19.134671+00:00
22169,25403,Selbsthilfe tagebuch für Kleinunternehmer,de,2026-07-16 03:47:19.134671+00:00,2026-07-16 03:47:19.134671+00:00
22170,25404,Selbsthilfe arbeitsbuch für Familien,de,2026-07-16 03:47:19.134671+00:00,2026-07-16 03:47:19.134671+00:00
22171,25405,Selbsthilfe workbook für Kleinunternehmer,de,2026-07-16 03:47:19.134671+00:00,2026-07-16 03:47:19.134671+00:00
22172,25406,Tiergesundheit planer für Kleinunternehmer,de,2026-07-16 03:47:19.134671+00:00,2026-07-16 03:47:19.134671+00:00
22173,25407,Tiergesundheit praxisbuch für Familien,de,2026-07-16 03:47:19.134671+00:00,2026-07-16 03:47:19.134671+00:00
22174,25408,Verbraucherrechte checkliste für Kleinunternehmer,de,2026-07-16 03:47:19.134671+00:00,2026-07-16 03:47:19.134671+00:00
22175,25409,Studium praxisbuch für Kleinunternehmer,de,2026-07-16 03:47:19.134671+00:00,2026-07-16 03:47:19.134671+00:00
22176,25410,Verbraucherrechte vorlagenbuch für Familien,de,2026-07-16 03:47:19.134671+00:00,2026-07-16 03:47:19.134671+00:00
22177,25411,Vogelhaltung ratgeber für Kleinunternehmer,de,2026-07-16 03:47:19.134671+00:00,2026-07-16 03:47:19.134671+00:00
22178,25412,Vogelhaltung leitfaden für Familien,de,2026-07-16 03:47:19.134671+00:00,2026-07-16 03:47:19.134671+00:00
22179,25413,Energie praxisbuch für Familien,de,2026-07-16 03:47:19.134671+00:00,2026-07-16 03:47:19.134671+00:00
22180,25414,Energie planer für Kleinunternehmer,de,2026-07-16 03:47:19.134671+00:00,2026-07-16 03:47:19.134671+00:00
22181,25415,Eltern Kind workbook für Kleinunternehmer,de,2026-07-16 03:47:19.134671+00:00,2026-07-16 03:47:19.134671+00:00
22182,25416,Eltern Kind arbeitsbuch für Familien,de,2026-07-16 03:47:19.134671+00:00,2026-07-16 03:47:19.134671+00:00
22183,25417,Vereine arbeitsbuch für Familien,de,2026-07-16 03:47:19.134671+00:00,2026-07-16 03:47:19.134671+00:00
22184,25418,Vereine workbook für Kleinunternehmer,de,2026-07-16 03:47:19.134671+00:00,2026-07-16 03:47:19.134671+00:00
22185,25419,Familiengeschichte checkliste für Kleinunternehmer,de,2026-07-16 03:47:19.134671+00:00,2026-07-16 03:47:19.134671+00:00
22186,25420,Veranstaltungen leitfaden für Kleinunternehmer,de,2026-07-16 03:47:19.134671+00:00,2026-07-16 03:47:19.134671+00:00
22187,25421,Eltern Kind tagebuch für Kleinunternehmer,de,2026-07-16 03:47:19.134671+00:00,2026-07-16 03:47:19.134671+00:00
22188,25422,Vereine tagebuch für Kleinunternehmer,de,2026-07-16 03:47:19.134671+00:00,2026-07-16 03:47:19.134671+00:00
22189,25423,Versicherung planer für Kleinunternehmer,de,2026-07-16 03:47:19.134671+00:00,2026-07-16 03:47:19.134671+00:00
22190,25424,Familiengeschichte vorlagenbuch für Familien,de,2026-07-16 03:47:19.134671+00:00,2026-07-16 03:47:19.134671+00:00
22191,25425,Angeln arbeitsbuch für Kleinunternehmer,de,2026-07-16 03:47:19.134671+00:00,2026-07-16 03:47:19.134671+00:00
22192,25426,Digitale Ordnung leitfaden für Kleinunternehmer,de,2026-07-16 03:47:19.134671+00:00,2026-07-16 03:47:19.134671+00:00
22193,25427,Digitale Ordnung ratgeber für Familien,de,2026-07-16 03:47:19.134671+00:00,2026-07-16 03:47:19.134671+00:00
22194,25428,Versicherung praxisbuch für Familien,de,2026-07-16 03:47:19.134671+00:00,2026-07-16 03:47:19.134671+00:00
22195,25429,Chronische Erkrankung vorlagenbuch für Kleinunternehmer,de,2026-07-16 03:47:19.134671+00:00,2026-07-16 03:47:19.134671+00:00
22196,25430,Chronische Erkrankung checkliste für Familien,de,2026-07-16 03:47:19.134671+00:00,2026-07-16 03:47:19.134671+00:00
22197,25431,Zeichnen checkliste für Kleinunternehmer,de,2026-07-16 03:47:19.134671+00:00,2026-07-16 03:47:19.134671+00:00
22198,25432,Zeichnen vorlagenbuch für Familien,de,2026-07-16 03:47:19.134671+00:00,2026-07-16 03:47:19.134671+00:00
22199,25433,Baby Kleinkind praxisbuch für Kleinunternehmer,de,2026-07-16 03:47:19.134671+00:00,2026-07-16 03:47:19.134671+00:00
22200,25434,Baby Kleinkind planer für Familien,de,2026-07-16 03:47:19.134671+00:00,2026-07-16 03:47:19.134671+00:00
22201,25435,Zeitmanagement ratgeber für Kleinunternehmer,de,2026-07-16 03:47:19.134671+00:00,2026-07-16 03:47:19.134671+00:00
22202,25436,Mietrecht arbeitsbuch für Familien,de,2026-07-16 03:47:19.134671+00:00,2026-07-16 03:47:19.134671+00:00
22203,25437,Fotografie Video ratgeber für Kleinunternehmer,de,2026-07-16 03:47:19.134671+00:00,2026-07-16 03:47:19.134671+00:00
22204,25438,Musik checkliste für Kleinunternehmer,de,2026-07-16 03:47:19.134671+00:00,2026-07-16 03:47:19.134671+00:00
22205,25439,Zeitmanagement arbeitsbuch für Eltern,de,2026-07-16 03:47:19.134671+00:00,2026-07-16 03:47:19.134671+00:00
22206,25447,Frühaufsteher,de,2026-07-16 03:47:19.134671+00:00,2026-07-16 03:47:19.134671+00:00
22207,25456,Sportbootführerschein,de,2026-07-16 03:47:19.134671+00:00,2026-07-16 03:47:19.134671+00:00
22208,25463,kräuter anbauen für die küche,de,2026-07-16 03:47:19.134671+00:00,2026-07-16 03:47:19.134671+00:00
22209,25464,schwimmtechnik verbessern für anfänger,de,2026-07-16 03:47:19.134671+00:00,2026-07-16 03:47:19.134671+00:00
22210,25465,gartengeräte pflege checkliste,de,2026-07-16 03:47:19.134671+00:00,2026-07-16 03:47:19.134671+00:00
22211,25466,Business tagebuch für Eltern,de,2026-07-16 03:47:19.134671+00:00,2026-07-16 03:47:19.134671+00:00
22212,25467,Business arbeitsbuch für Erwachsene,de,2026-07-16 03:47:19.134671+00:00,2026-07-16 03:47:19.134671+00:00
22213,25468,Finanzen planer für Eltern,de,2026-07-16 03:47:19.134671+00:00,2026-07-16 03:47:19.134671+00:00
22214,25469,Finanzen praxisbuch für Erwachsene,de,2026-07-16 03:47:19.134671+00:00,2026-07-16 03:47:19.134671+00:00
22215,25470,Schule checkliste für Eltern,de,2026-07-16 03:47:19.134671+00:00,2026-07-16 03:47:19.134671+00:00
22216,25471,Schule vorlagenbuch für Erwachsene,de,2026-07-16 03:47:19.134671+00:00,2026-07-16 03:47:19.134671+00:00
22217,25472,Karriere ratgeber für Eltern,de,2026-07-16 03:47:19.134671+00:00,2026-07-16 03:47:19.134671+00:00
22218,25473,Karriere leitfaden für Erwachsene,de,2026-07-16 03:47:19.134671+00:00,2026-07-16 03:47:19.134671+00:00
22219,25474,Senioren tagebuch für Erwachsene,de,2026-07-16 03:47:19.134671+00:00,2026-07-16 03:47:19.134671+00:00
22220,25475,Senioren arbeitsbuch für Eltern,de,2026-07-16 03:47:19.134671+00:00,2026-07-16 03:47:19.134671+00:00
22221,25476,Senioren workbook für Erwachsene,de,2026-07-16 03:47:19.134671+00:00,2026-07-16 03:47:19.134671+00:00
22222,25477,Kochen planer für Erwachsene,de,2026-07-16 03:47:19.134671+00:00,2026-07-16 03:47:19.134671+00:00
22223,25478,Kochen praxisbuch für Eltern,de,2026-07-16 03:47:19.134671+00:00,2026-07-16 03:47:19.134671+00:00
22224,25479,Adhs checkliste für Erwachsene,de,2026-07-16 03:47:19.134671+00:00,2026-07-16 03:47:19.134671+00:00
22225,25480,Adhs vorlagenbuch für Eltern,de,2026-07-16 03:47:19.134671+00:00,2026-07-16 03:47:19.134671+00:00
22226,25481,Fitness Sport ratgeber für Erwachsene,de,2026-07-16 03:47:19.134671+00:00,2026-07-16 03:47:19.134671+00:00
22227,25482,Fitness Sport leitfaden für Eltern,de,2026-07-16 03:47:19.134671+00:00,2026-07-16 03:47:19.134671+00:00
22228,25483,Reise Umzug arbeitsbuch für Erwachsene,de,2026-07-16 03:47:19.134671+00:00,2026-07-16 03:47:19.134671+00:00
22229,25484,Reise Umzug workbook für Eltern,de,2026-07-16 03:47:19.134671+00:00,2026-07-16 03:47:19.134671+00:00
22230,25485,Admin Recht tagebuch für Erwachsene,de,2026-07-16 03:47:19.134671+00:00,2026-07-16 03:47:19.134671+00:00
22231,25486,Admin Recht arbeitsbuch für Eltern,de,2026-07-16 03:47:19.134671+00:00,2026-07-16 03:47:19.134671+00:00
22232,25487,Ausbildung planer für Erwachsene,de,2026-07-16 03:47:19.134671+00:00,2026-07-16 03:47:19.134671+00:00
22233,25488,Ausbildung praxisbuch für Eltern,de,2026-07-16 03:47:19.134671+00:00,2026-07-16 03:47:19.134671+00:00
22234,25489,Baby Kleinkind checkliste für Erwachsene,de,2026-07-16 03:47:19.134671+00:00,2026-07-16 03:47:19.134671+00:00
22235,25490,Baby Kleinkind vorlagenbuch für Eltern,de,2026-07-16 03:47:19.134671+00:00,2026-07-16 03:47:19.134671+00:00
22236,25491,Chronische Erkrankung ratgeber für Erwachsene,de,2026-07-16 03:47:19.134671+00:00,2026-07-16 03:47:19.134671+00:00
22237,25492,Chronische Erkrankung leitfaden für Eltern,de,2026-07-16 03:47:19.134671+00:00,2026-07-16 03:47:19.134671+00:00
22238,25493,Digitale Ordnung tagebuch für Eltern,de,2026-07-16 03:47:19.134671+00:00,2026-07-16 03:47:19.134671+00:00
22239,25494,Digitale Ordnung arbeitsbuch für Erwachsene,de,2026-07-16 03:47:19.134671+00:00,2026-07-16 03:47:19.134671+00:00
22240,25495,Digitale Ordnung workbook für Eltern,de,2026-07-16 03:47:19.134671+00:00,2026-07-16 03:47:19.134671+00:00
22241,25496,Eltern Kind planer für Eltern,de,2026-07-16 03:47:19.134671+00:00,2026-07-16 03:47:19.134671+00:00
22242,25497,Eltern Kind praxisbuch für Erwachsene,de,2026-07-16 03:47:19.134671+00:00,2026-07-16 03:47:19.134671+00:00
22243,25498,Energie checkliste für Eltern,de,2026-07-16 03:47:19.134671+00:00,2026-07-16 03:47:19.134671+00:00
22244,25499,Energie vorlagenbuch für Erwachsene,de,2026-07-16 03:47:19.134671+00:00,2026-07-16 03:47:19.134671+00:00
22245,25500,Familiengeschichte ratgeber für Eltern,de,2026-07-16 03:47:19.134671+00:00,2026-07-16 03:47:19.134671+00:00
22246,25501,Familiengeschichte leitfaden für Erwachsene,de,2026-07-16 03:47:19.134671+00:00,2026-07-16 03:47:19.134671+00:00
22247,25502,Fotografie Video arbeitsbuch für Eltern,de,2026-07-16 03:47:19.134671+00:00,2026-07-16 03:47:19.134671+00:00
22248,25503,Fotografie Video workbook für Erwachsene,de,2026-07-16 03:47:19.134671+00:00,2026-07-16 03:47:19.134671+00:00
22249,25504,Medizin tagebuch für Eltern,de,2026-07-16 03:47:19.134671+00:00,2026-07-16 03:47:19.134671+00:00
22250,25505,Medizin arbeitsbuch für Erwachsene,de,2026-07-16 03:47:19.134671+00:00,2026-07-16 03:47:19.134671+00:00
22251,25506,Mental Wellbeing planer für Eltern,de,2026-07-16 03:47:19.134671+00:00,2026-07-16 03:47:19.134671+00:00
22252,25507,Mental Wellbeing praxisbuch für Erwachsene,de,2026-07-16 03:47:19.134671+00:00,2026-07-16 03:47:19.134671+00:00
22253,25508,Migration checkliste für Eltern,de,2026-07-16 03:47:19.134671+00:00,2026-07-16 03:47:19.134671+00:00
22254,25509,Migration vorlagenbuch für Erwachsene,de,2026-07-16 03:47:19.134671+00:00,2026-07-16 03:47:19.134671+00:00
22255,25510,Musik ratgeber für Eltern,de,2026-07-16 03:47:19.134671+00:00,2026-07-16 03:47:19.134671+00:00
22256,25511,Musik leitfaden für Erwachsene,de,2026-07-16 03:47:19.134671+00:00,2026-07-16 03:47:19.134671+00:00
22257,25512,Naehen Handarbeit tagebuch für Erwachsene,de,2026-07-16 03:47:19.134671+00:00,2026-07-16 03:47:19.134671+00:00
22258,25513,Naehen Handarbeit arbeitsbuch für Eltern,de,2026-07-16 03:47:19.134671+00:00,2026-07-16 03:47:19.134671+00:00
22259,25514,Naehen Handarbeit workbook für Erwachsene,de,2026-07-16 03:47:19.134671+00:00,2026-07-16 03:47:19.134671+00:00
22260,25515,Nachhaltigkeit planer für Erwachsene,de,2026-07-16 03:47:19.134671+00:00,2026-07-16 03:47:19.134671+00:00
22261,25516,Nachhaltigkeit praxisbuch für Eltern,de,2026-07-16 03:47:19.134671+00:00,2026-07-16 03:47:19.134671+00:00
22262,25517,Notfall Vorsorge checkliste für Erwachsene,de,2026-07-16 03:47:19.134671+00:00,2026-07-16 03:47:19.134671+00:00
22263,25518,Notfall Vorsorge vorlagenbuch für Eltern,de,2026-07-16 03:47:19.134671+00:00,2026-07-16 03:47:19.134671+00:00
22264,25519,Office Verwaltung ratgeber für Erwachsene,de,2026-07-16 03:47:19.134671+00:00,2026-07-16 03:47:19.134671+00:00
22265,25520,Office Verwaltung leitfaden für Eltern,de,2026-07-16 03:47:19.134671+00:00,2026-07-16 03:47:19.134671+00:00
22266,25521,Personal Hr arbeitsbuch für Erwachsene,de,2026-07-16 03:47:19.134671+00:00,2026-07-16 03:47:19.134671+00:00
22267,25522,Personal Hr workbook für Eltern,de,2026-07-16 03:47:19.134671+00:00,2026-07-16 03:47:19.134671+00:00
22268,25523,Sprachen tagebuch für Erwachsene,de,2026-07-16 03:47:19.134671+00:00,2026-07-16 03:47:19.134671+00:00
22269,25524,Sprachen arbeitsbuch für Eltern,de,2026-07-16 03:47:19.134671+00:00,2026-07-16 03:47:19.134671+00:00
22270,25525,Stadtleben planer für Erwachsene,de,2026-07-16 03:47:19.134671+00:00,2026-07-16 03:47:19.134671+00:00
22271,25526,Stadtleben praxisbuch für Eltern,de,2026-07-16 03:47:19.134671+00:00,2026-07-16 03:47:19.134671+00:00
22272,25527,Studium checkliste für Erwachsene,de,2026-07-16 03:47:19.134671+00:00,2026-07-16 03:47:19.134671+00:00
22273,25528,Studium vorlagenbuch für Eltern,de,2026-07-16 03:47:19.134671+00:00,2026-07-16 03:47:19.134671+00:00
22274,25529,Transport Logistik ratgeber für Erwachsene,de,2026-07-16 03:47:19.134671+00:00,2026-07-16 03:47:19.134671+00:00
22275,25530,Transport Logistik leitfaden für Eltern,de,2026-07-16 03:47:19.134671+00:00,2026-07-16 03:47:19.134671+00:00
22276,25531,Veranstaltungen tagebuch für Eltern,de,2026-07-16 03:47:19.134671+00:00,2026-07-16 03:47:19.134671+00:00
22277,25532,Veranstaltungen arbeitsbuch für Erwachsene,de,2026-07-16 03:47:19.134671+00:00,2026-07-16 03:47:19.134671+00:00
22278,25533,Veranstaltungen workbook für Eltern,de,2026-07-16 03:47:19.134671+00:00,2026-07-16 03:47:19.134671+00:00
22279,25534,Vereine planer für Eltern,de,2026-07-16 03:47:19.134671+00:00,2026-07-16 03:47:19.134671+00:00
22280,25535,Vereine praxisbuch für Erwachsene,de,2026-07-16 03:47:19.134671+00:00,2026-07-16 03:47:19.134671+00:00
22281,25536,Versicherung checkliste für Eltern,de,2026-07-16 03:47:19.134671+00:00,2026-07-16 03:47:19.134671+00:00
22282,25537,Versicherung vorlagenbuch für Erwachsene,de,2026-07-16 03:47:19.134671+00:00,2026-07-16 03:47:19.134671+00:00
22283,25538,Zeichnen ratgeber für Eltern,de,2026-07-16 03:47:19.134671+00:00,2026-07-16 03:47:19.134671+00:00
22284,25539,Zeichnen leitfaden für Erwachsene,de,2026-07-16 03:47:19.134671+00:00,2026-07-16 03:47:19.134671+00:00
22285,25540,Zeitmanagement workbook für Erwachsene,de,2026-07-16 03:47:19.134671+00:00,2026-07-16 03:47:19.134671+00:00
22286,25541,Excel Buchhaltung tagebuch für Eltern,de,2026-07-16 03:47:19.134671+00:00,2026-07-16 03:47:19.134671+00:00
22287,25542,Excel Buchhaltung arbeitsbuch für Erwachsene,de,2026-07-16 03:47:19.134671+00:00,2026-07-16 03:47:19.134671+00:00
22288,25543,Fahrzeuge planer für Eltern,de,2026-07-16 03:47:19.134671+00:00,2026-07-16 03:47:19.134671+00:00
22289,25544,Fahrzeuge praxisbuch für Erwachsene,de,2026-07-16 03:47:19.134671+00:00,2026-07-16 03:47:19.134671+00:00
22290,25545,Freiwilligenarbeit checkliste für Eltern,de,2026-07-16 03:47:19.134671+00:00,2026-07-16 03:47:19.134671+00:00
22291,25546,Freiwilligenarbeit vorlagenbuch für Erwachsene,de,2026-07-16 03:47:19.134671+00:00,2026-07-16 03:47:19.134671+00:00
22292,25547,Fuehrung Team ratgeber für Eltern,de,2026-07-16 03:47:19.134671+00:00,2026-07-16 03:47:19.134671+00:00
22293,25548,Fuehrung Team leitfaden für Erwachsene,de,2026-07-16 03:47:19.134671+00:00,2026-07-16 03:47:19.134671+00:00
22294,25549,Gastro tagebuch für Erwachsene,de,2026-07-16 03:47:19.134671+00:00,2026-07-16 03:47:19.134671+00:00
22295,25550,Gastro arbeitsbuch für Eltern,de,2026-07-16 03:47:19.134671+00:00,2026-07-16 03:47:19.134671+00:00
22296,25551,Gastro workbook für Erwachsene,de,2026-07-16 03:47:19.134671+00:00,2026-07-16 03:47:19.134671+00:00
22297,25552,Gemeinde Lokal planer für Erwachsene,de,2026-07-16 03:47:19.134671+00:00,2026-07-16 03:47:19.134671+00:00
22298,25553,Gemeinde Lokal praxisbuch für Eltern,de,2026-07-16 03:47:19.134671+00:00,2026-07-16 03:47:19.134671+00:00
22299,25554,Holzwerken Diy checkliste für Erwachsene,de,2026-07-16 03:47:19.134671+00:00,2026-07-16 03:47:19.134671+00:00
22300,25555,Holzwerken Diy vorlagenbuch für Eltern,de,2026-07-16 03:47:19.134671+00:00,2026-07-16 03:47:19.134671+00:00
22301,25556,Industrie Produktion ratgeber für Erwachsene,de,2026-07-16 03:47:19.134671+00:00,2026-07-16 03:47:19.134671+00:00
22302,25557,Industrie Produktion leitfaden für Eltern,de,2026-07-16 03:47:19.134671+00:00,2026-07-16 03:47:19.134671+00:00
22303,25558,It arbeitsbuch für Erwachsene,de,2026-07-16 03:47:19.134671+00:00,2026-07-16 03:47:19.134671+00:00
22304,25559,It workbook für Eltern,de,2026-07-16 03:47:19.134671+00:00,2026-07-16 03:47:19.134671+00:00
22305,25560,Online Kurse tagebuch für Erwachsene,de,2026-07-16 03:47:19.134671+00:00,2026-07-16 03:47:19.134671+00:00
22306,25561,Online Kurse arbeitsbuch für Eltern,de,2026-07-16 03:47:19.134671+00:00,2026-07-16 03:47:19.134671+00:00
22307,25562,Outdoor planer für Erwachsene,de,2026-07-16 03:47:19.134671+00:00,2026-07-16 03:47:19.134671+00:00
22308,25563,Outdoor praxisbuch für Eltern,de,2026-07-16 03:47:19.134671+00:00,2026-07-16 03:47:19.134671+00:00
22309,25564,Pferde checkliste für Erwachsene,de,2026-07-16 03:47:19.134671+00:00,2026-07-16 03:47:19.134671+00:00
22310,25565,Pferde vorlagenbuch für Eltern,de,2026-07-16 03:47:19.134671+00:00,2026-07-16 03:47:19.134671+00:00
22311,25566,Rente Vorsorge ratgeber für Erwachsene,de,2026-07-16 03:47:19.134671+00:00,2026-07-16 03:47:19.134671+00:00
22312,25567,Rente Vorsorge leitfaden für Eltern,de,2026-07-16 03:47:19.134671+00:00,2026-07-16 03:47:19.134671+00:00
22313,25568,Seo Content tagebuch für Eltern,de,2026-07-16 03:47:19.134671+00:00,2026-07-16 03:47:19.134671+00:00
22314,25569,Seo Content arbeitsbuch für Erwachsene,de,2026-07-16 03:47:19.134671+00:00,2026-07-16 03:47:19.134671+00:00
22315,25570,Seo Content workbook für Eltern,de,2026-07-16 03:47:19.134671+00:00,2026-07-16 03:47:19.134671+00:00
22316,25571,Selbsthilfe planer für Eltern,de,2026-07-16 03:47:19.134671+00:00,2026-07-16 03:47:19.134671+00:00
22317,25572,Selbsthilfe praxisbuch für Erwachsene,de,2026-07-16 03:47:19.134671+00:00,2026-07-16 03:47:19.134671+00:00
22318,25573,Tiergesundheit checkliste für Eltern,de,2026-07-16 03:47:19.134671+00:00,2026-07-16 03:47:19.134671+00:00
22319,25574,Tiergesundheit vorlagenbuch für Erwachsene,de,2026-07-16 03:47:19.134671+00:00,2026-07-16 03:47:19.134671+00:00
22320,25575,Verbraucherrechte ratgeber für Eltern,de,2026-07-16 03:47:19.134671+00:00,2026-07-16 03:47:19.134671+00:00
22321,25576,Verbraucherrechte leitfaden für Erwachsene,de,2026-07-16 03:47:19.134671+00:00,2026-07-16 03:47:19.134671+00:00
22322,25577,Vogelhaltung arbeitsbuch für Eltern,de,2026-07-16 03:47:19.134671+00:00,2026-07-16 03:47:19.134671+00:00
22323,25578,Vogelhaltung workbook für Erwachsene,de,2026-07-16 03:47:19.134671+00:00,2026-07-16 03:47:19.134671+00:00
22324,25579,Familienorganisation tagebuch für Eltern,de,2026-07-16 03:47:19.134671+00:00,2026-07-16 03:47:19.134671+00:00
22325,25580,Familienorganisation arbeitsbuch für Erwachsene,de,2026-07-16 03:47:19.134671+00:00,2026-07-16 03:47:19.134671+00:00
22326,25581,Mietrecht planer für Eltern,de,2026-07-16 03:47:19.134671+00:00,2026-07-16 03:47:19.134671+00:00
22327,25582,Mietrecht praxisbuch für Erwachsene,de,2026-07-16 03:47:19.134671+00:00,2026-07-16 03:47:19.134671+00:00
22328,25583,Stadtleben vorlagenbuch für Senioren,de,2026-07-16 03:47:19.134671+00:00,2026-07-16 03:47:19.134671+00:00
22329,25584,Stadtleben checkliste für Einsteiger,de,2026-07-16 03:47:19.134671+00:00,2026-07-16 03:47:19.134671+00:00
22330,25585,Sprachen praxisbuch für Senioren,de,2026-07-16 03:47:19.134671+00:00,2026-07-16 03:47:19.134671+00:00
22331,25586,Notfall Vorsorge leitfaden für Senioren,de,2026-07-16 03:47:19.134671+00:00,2026-07-16 03:47:19.134671+00:00
22332,25587,Sprachen planer für Einsteiger,de,2026-07-16 03:47:19.134671+00:00,2026-07-16 03:47:19.134671+00:00
22333,25588,Schlaf Erholung arbeitsbuch für Senioren,de,2026-07-16 03:47:19.134671+00:00,2026-07-16 03:47:19.134671+00:00
22334,25589,Schlaf Erholung tagebuch für Einsteiger,de,2026-07-16 03:47:19.134671+00:00,2026-07-16 03:47:19.134671+00:00
22335,25590,Notfall Vorsorge ratgeber für Einsteiger,de,2026-07-16 03:47:19.134671+00:00,2026-07-16 03:47:19.134671+00:00
22336,25591,Mental Wellbeing checkliste für Senioren,de,2026-07-16 03:47:19.134671+00:00,2026-07-16 03:47:19.134671+00:00
22337,25592,Mental Wellbeing vorlagenbuch für Einsteiger,de,2026-07-16 03:47:19.134671+00:00,2026-07-16 03:47:19.134671+00:00
22338,25593,Nachhaltigkeit vorlagenbuch für Senioren,de,2026-07-16 03:47:19.134671+00:00,2026-07-16 03:47:19.134671+00:00
22339,25594,Nachhaltigkeit checkliste für Einsteiger,de,2026-07-16 03:47:19.134671+00:00,2026-07-16 03:47:19.134671+00:00
22340,25595,Migration ratgeber für Senioren,de,2026-07-16 03:47:19.134671+00:00,2026-07-16 03:47:19.134671+00:00
22341,25596,Migration leitfaden für Einsteiger,de,2026-07-16 03:47:19.134671+00:00,2026-07-16 03:47:19.134671+00:00
22342,25597,Marketing arbeitsbuch für Einsteiger,de,2026-07-16 03:47:19.134671+00:00,2026-07-16 03:47:19.134671+00:00
22343,25598,Naehen Handarbeit praxisbuch für Senioren,de,2026-07-16 03:47:19.134671+00:00,2026-07-16 03:47:19.134671+00:00
22344,25599,Office Verwaltung workbook für Senioren,de,2026-07-16 03:47:19.134671+00:00,2026-07-16 03:47:19.134671+00:00
22345,25600,Naehen Handarbeit planer für Einsteiger,de,2026-07-16 03:47:19.134671+00:00,2026-07-16 03:47:19.134671+00:00
22346,25601,Musik workbook für Einsteiger,de,2026-07-16 03:47:19.134671+00:00,2026-07-16 03:47:19.134671+00:00
22347,25602,Musik tagebuch für Einsteiger,de,2026-07-16 03:47:19.134671+00:00,2026-07-16 03:47:19.134671+00:00
22348,25603,Musik arbeitsbuch für Senioren,de,2026-07-16 03:47:19.134671+00:00,2026-07-16 03:47:19.134671+00:00
22349,25604,Marketing tagebuch für Senioren,de,2026-07-16 03:47:19.134671+00:00,2026-07-16 03:47:19.134671+00:00
22350,25605,Medizin planer für Senioren,de,2026-07-16 03:47:19.134671+00:00,2026-07-16 03:47:19.134671+00:00
22351,25606,Verbraucherrechte workbook für Einsteiger,de,2026-07-16 03:47:19.134671+00:00,2026-07-16 03:47:19.134671+00:00
22352,25607,Mietrecht checkliste für Senioren,de,2026-07-16 03:47:19.134671+00:00,2026-07-16 03:47:19.134671+00:00
22353,25608,Verbraucherrechte arbeitsbuch für Senioren,de,2026-07-16 03:47:19.134671+00:00,2026-07-16 03:47:19.134671+00:00
22354,25609,Tiergesundheit leitfaden für Einsteiger,de,2026-07-16 03:47:19.134671+00:00,2026-07-16 03:47:19.134671+00:00
22355,25610,Tiergesundheit ratgeber für Senioren,de,2026-07-16 03:47:19.134671+00:00,2026-07-16 03:47:19.134671+00:00
22356,25611,Software tagebuch für Senioren,de,2026-07-16 03:47:19.134671+00:00,2026-07-16 03:47:19.134671+00:00
22357,25612,Selbsthilfe vorlagenbuch für Einsteiger,de,2026-07-16 03:47:19.134671+00:00,2026-07-16 03:47:19.134671+00:00
22358,25613,Selbsthilfe checkliste für Senioren,de,2026-07-16 03:47:19.134671+00:00,2026-07-16 03:47:19.134671+00:00
22359,25614,Software arbeitsbuch für Einsteiger,de,2026-07-16 03:47:19.134671+00:00,2026-07-16 03:47:19.134671+00:00
22360,25615,Seo Content praxisbuch für Einsteiger,de,2026-07-16 03:47:19.134671+00:00,2026-07-16 03:47:19.134671+00:00
22361,25616,Seo Content planer für Senioren,de,2026-07-16 03:47:19.134671+00:00,2026-07-16 03:47:19.134671+00:00
22362,25617,Rente Vorsorge workbook für Senioren,de,2026-07-16 03:47:19.134671+00:00,2026-07-16 03:47:19.134671+00:00
22363,25618,Office Verwaltung arbeitsbuch für Einsteiger,de,2026-07-16 03:47:19.134671+00:00,2026-07-16 03:47:19.134671+00:00
22364,25619,Business planer für Senioren,de,2026-07-16 03:47:19.134671+00:00,2026-07-16 03:47:19.134671+00:00
22365,25620,Rente Vorsorge arbeitsbuch für Einsteiger,de,2026-07-16 03:47:19.134671+00:00,2026-07-16 03:47:19.134671+00:00
22366,25621,Rente Vorsorge tagebuch für Senioren,de,2026-07-16 03:47:19.134671+00:00,2026-07-16 03:47:19.134671+00:00
22367,25622,Pferde leitfaden für Senioren,de,2026-07-16 03:47:19.134671+00:00,2026-07-16 03:47:19.134671+00:00
22368,25623,Medizin praxisbuch für Einsteiger,de,2026-07-16 03:47:19.134671+00:00,2026-07-16 03:47:19.134671+00:00
22369,25624,Business praxisbuch für Einsteiger,de,2026-07-16 03:47:19.134671+00:00,2026-07-16 03:47:19.134671+00:00
22370,25625,Pferde ratgeber für Einsteiger,de,2026-07-16 03:47:19.134671+00:00,2026-07-16 03:47:19.134671+00:00
22371,25626,Mietrecht vorlagenbuch für Einsteiger,de,2026-07-16 03:47:19.134671+00:00,2026-07-16 03:47:19.134671+00:00
22372,25627,Outdoor vorlagenbuch für Senioren,de,2026-07-16 03:47:19.134671+00:00,2026-07-16 03:47:19.134671+00:00
22373,25628,Familienorganisation praxisbuch für Einsteiger,de,2026-07-16 03:47:19.134671+00:00,2026-07-16 03:47:19.134671+00:00
22374,25629,Outdoor checkliste für Einsteiger,de,2026-07-16 03:47:19.134671+00:00,2026-07-16 03:47:19.134671+00:00
22375,25630,Online Kurse praxisbuch für Senioren,de,2026-07-16 03:47:19.134671+00:00,2026-07-16 03:47:19.134671+00:00
22376,25631,Online Kurse planer für Einsteiger,de,2026-07-16 03:47:19.134671+00:00,2026-07-16 03:47:19.134671+00:00
22377,25632,Maenner Gesundheit arbeitsbuch für Senioren,de,2026-07-16 03:47:19.134671+00:00,2026-07-16 03:47:19.134671+00:00
22378,25633,Maenner Gesundheit tagebuch für Einsteiger,de,2026-07-16 03:47:19.134671+00:00,2026-07-16 03:47:19.134671+00:00
22379,25634,Finanzen checkliste für Senioren,de,2026-07-16 03:47:19.134671+00:00,2026-07-16 03:47:19.134671+00:00
22380,25635,Finanzen vorlagenbuch für Einsteiger,de,2026-07-16 03:47:19.134671+00:00,2026-07-16 03:47:19.134671+00:00
22381,25636,Schule ratgeber für Senioren,de,2026-07-16 03:47:19.134671+00:00,2026-07-16 03:47:19.134671+00:00
22382,25637,Schule leitfaden für Einsteiger,de,2026-07-16 03:47:19.134671+00:00,2026-07-16 03:47:19.134671+00:00
22383,25638,Karriere tagebuch für Einsteiger,de,2026-07-16 03:47:19.134671+00:00,2026-07-16 03:47:19.134671+00:00
22384,25639,Karriere arbeitsbuch für Senioren,de,2026-07-16 03:47:19.134671+00:00,2026-07-16 03:47:19.134671+00:00
22385,25640,Karriere workbook für Einsteiger,de,2026-07-16 03:47:19.134671+00:00,2026-07-16 03:47:19.134671+00:00
22386,25641,Senioren planer für Einsteiger,de,2026-07-16 03:47:19.134671+00:00,2026-07-16 03:47:19.134671+00:00
22387,25642,Senioren praxisbuch für Senioren,de,2026-07-16 03:47:19.134671+00:00,2026-07-16 03:47:19.134671+00:00
22388,25643,Kochen checkliste für Einsteiger,de,2026-07-16 03:47:19.134671+00:00,2026-07-16 03:47:19.134671+00:00
22389,25644,Kochen vorlagenbuch für Senioren,de,2026-07-16 03:47:19.134671+00:00,2026-07-16 03:47:19.134671+00:00
22390,25645,Adhs ratgeber für Einsteiger,de,2026-07-16 03:47:19.134671+00:00,2026-07-16 03:47:19.134671+00:00
22391,25646,Adhs leitfaden für Senioren,de,2026-07-16 03:47:19.134671+00:00,2026-07-16 03:47:19.134671+00:00
22392,25647,Fitness Sport arbeitsbuch für Einsteiger,de,2026-07-16 03:47:19.134671+00:00,2026-07-16 03:47:19.134671+00:00
22393,25648,Fitness Sport workbook für Senioren,de,2026-07-16 03:47:19.134671+00:00,2026-07-16 03:47:19.134671+00:00
22394,25649,Familienorganisation planer für Senioren,de,2026-07-16 03:47:19.134671+00:00,2026-07-16 03:47:19.134671+00:00
22395,25650,Industrie Produktion workbook für Senioren,de,2026-07-16 03:47:19.134671+00:00,2026-07-16 03:47:19.134671+00:00
22396,25651,Industrie Produktion arbeitsbuch für Einsteiger,de,2026-07-16 03:47:19.134671+00:00,2026-07-16 03:47:19.134671+00:00
22397,25652,Holzwerken Diy leitfaden für Senioren,de,2026-07-16 03:47:19.134671+00:00,2026-07-16 03:47:19.134671+00:00
22398,25653,Holzwerken Diy ratgeber für Einsteiger,de,2026-07-16 03:47:19.134671+00:00,2026-07-16 03:47:19.134671+00:00
22399,25654,Gemeinde Lokal vorlagenbuch für Senioren,de,2026-07-16 03:47:19.134671+00:00,2026-07-16 03:47:19.134671+00:00
22400,25655,Gemeinde Lokal checkliste für Einsteiger,de,2026-07-16 03:47:19.134671+00:00,2026-07-16 03:47:19.134671+00:00
22401,25656,Gastro praxisbuch für Senioren,de,2026-07-16 03:47:19.134671+00:00,2026-07-16 03:47:19.134671+00:00
22402,25657,Gastro planer für Einsteiger,de,2026-07-16 03:47:19.134671+00:00,2026-07-16 03:47:19.134671+00:00
22403,25658,Digitale Ordnung praxisbuch für Einsteiger,de,2026-07-16 03:47:30.935471+00:00,2026-07-16 03:47:30.935471+00:00
22404,25659,Digitale Ordnung planer für Senioren,de,2026-07-16 03:47:30.935471+00:00,2026-07-16 03:47:30.935471+00:00
22405,25660,Chronische Erkrankung workbook für Senioren,de,2026-07-16 03:47:30.935471+00:00,2026-07-16 03:47:30.935471+00:00
22406,25661,Chronische Erkrankung arbeitsbuch für Einsteiger,de,2026-07-16 03:47:30.935471+00:00,2026-07-16 03:47:30.935471+00:00
22407,25662,Chronische Erkrankung tagebuch für Senioren,de,2026-07-16 03:47:30.935471+00:00,2026-07-16 03:47:30.935471+00:00
22408,25663,Baby Kleinkind leitfaden für Senioren,de,2026-07-16 03:47:30.935471+00:00,2026-07-16 03:47:30.935471+00:00
22409,25664,Baby Kleinkind ratgeber für Einsteiger,de,2026-07-16 03:47:30.935471+00:00,2026-07-16 03:47:30.935471+00:00
22410,25665,Ausbildung vorlagenbuch für Senioren,de,2026-07-16 03:47:30.935471+00:00,2026-07-16 03:47:30.935471+00:00
22411,25666,Ausbildung checkliste für Einsteiger,de,2026-07-16 03:47:30.935471+00:00,2026-07-16 03:47:30.935471+00:00
22412,25667,Admin Recht praxisbuch für Senioren,de,2026-07-16 03:47:30.935471+00:00,2026-07-16 03:47:30.935471+00:00
22413,25668,Admin Recht planer für Einsteiger,de,2026-07-16 03:47:30.935471+00:00,2026-07-16 03:47:30.935471+00:00
22414,25669,Lernen arbeitsbuch für Senioren,de,2026-07-16 03:47:30.935471+00:00,2026-07-16 03:47:30.935471+00:00
22415,25670,Lernen tagebuch für Einsteiger,de,2026-07-16 03:47:30.935471+00:00,2026-07-16 03:47:30.935471+00:00
22416,25671,Freiwilligenarbeit ratgeber für Senioren,de,2026-07-16 03:47:30.935471+00:00,2026-07-16 03:47:30.935471+00:00
22417,25672,Fuehrung Team workbook für Einsteiger,de,2026-07-16 03:47:30.935471+00:00,2026-07-16 03:47:30.935471+00:00
22418,25673,Fahrzeuge vorlagenbuch für Einsteiger,de,2026-07-16 03:47:30.935471+00:00,2026-07-16 03:47:30.935471+00:00
22419,25674,Haushalt Senioren arbeitsbuch für Einsteiger,de,2026-07-16 03:47:30.935471+00:00,2026-07-16 03:47:30.935471+00:00
22420,25675,Fuehrung Team tagebuch für Einsteiger,de,2026-07-16 03:47:30.935471+00:00,2026-07-16 03:47:30.935471+00:00
22421,25676,Fuehrung Team arbeitsbuch für Senioren,de,2026-07-16 03:47:30.935471+00:00,2026-07-16 03:47:30.935471+00:00
22422,25677,Freiwilligenarbeit leitfaden für Einsteiger,de,2026-07-16 03:47:30.935471+00:00,2026-07-16 03:47:30.935471+00:00
22423,25678,Haushalt Senioren tagebuch für Senioren,de,2026-07-16 03:47:30.935471+00:00,2026-07-16 03:47:30.935471+00:00
22424,25679,Fahrzeuge checkliste für Senioren,de,2026-07-16 03:47:30.935471+00:00,2026-07-16 03:47:30.935471+00:00
22425,25680,Excel Buchhaltung praxisbuch für Einsteiger,de,2026-07-16 03:47:30.935471+00:00,2026-07-16 03:47:30.935471+00:00
22426,25681,Excel Buchhaltung planer für Senioren,de,2026-07-16 03:47:30.935471+00:00,2026-07-16 03:47:30.935471+00:00
22427,25682,Erbschaft arbeitsbuch für Einsteiger,de,2026-07-16 03:47:30.935471+00:00,2026-07-16 03:47:30.935471+00:00
22428,25683,Erbschaft tagebuch für Senioren,de,2026-07-16 03:47:30.935471+00:00,2026-07-16 03:47:30.935471+00:00
22429,25684,Zeichnen workbook für Einsteiger,de,2026-07-16 03:47:30.935471+00:00,2026-07-16 03:47:30.935471+00:00
22430,25685,Zeichnen arbeitsbuch für Senioren,de,2026-07-16 03:47:30.935471+00:00,2026-07-16 03:47:30.935471+00:00
22431,25686,Versicherung leitfaden für Einsteiger,de,2026-07-16 03:47:30.935471+00:00,2026-07-16 03:47:30.935471+00:00
22432,25687,Versicherung ratgeber für Senioren,de,2026-07-16 03:47:30.935471+00:00,2026-07-16 03:47:30.935471+00:00
22433,25688,Vereine vorlagenbuch für Einsteiger,de,2026-07-16 03:47:30.935471+00:00,2026-07-16 03:47:30.935471+00:00
22434,25689,Vereine checkliste für Senioren,de,2026-07-16 03:47:30.935471+00:00,2026-07-16 03:47:30.935471+00:00
22435,25690,Veranstaltungen praxisbuch für Einsteiger,de,2026-07-16 03:47:30.935471+00:00,2026-07-16 03:47:30.935471+00:00
22436,25691,Veranstaltungen planer für Senioren,de,2026-07-16 03:47:30.935471+00:00,2026-07-16 03:47:30.935471+00:00
22437,25692,Transport Logistik workbook für Senioren,de,2026-07-16 03:47:30.935471+00:00,2026-07-16 03:47:30.935471+00:00
22438,25693,Transport Logistik arbeitsbuch für Einsteiger,de,2026-07-16 03:47:30.935471+00:00,2026-07-16 03:47:30.935471+00:00
22439,25694,Transport Logistik tagebuch für Senioren,de,2026-07-16 03:47:30.935471+00:00,2026-07-16 03:47:30.935471+00:00
22440,25695,Studium leitfaden für Senioren,de,2026-07-16 03:47:30.935471+00:00,2026-07-16 03:47:30.935471+00:00
22441,25696,Studium ratgeber für Einsteiger,de,2026-07-16 03:47:30.935471+00:00,2026-07-16 03:47:30.935471+00:00
22442,25697,Familiengeschichte workbook für Einsteiger,de,2026-07-16 03:47:30.935471+00:00,2026-07-16 03:47:30.935471+00:00
22443,25698,Familiengeschichte arbeitsbuch für Senioren,de,2026-07-16 03:47:30.935471+00:00,2026-07-16 03:47:30.935471+00:00
22444,25699,Energie leitfaden für Einsteiger,de,2026-07-16 03:47:30.935471+00:00,2026-07-16 03:47:30.935471+00:00
22445,25700,Energie ratgeber für Senioren,de,2026-07-16 03:47:30.935471+00:00,2026-07-16 03:47:30.935471+00:00
22446,25701,Eltern Kind vorlagenbuch für Einsteiger,de,2026-07-16 03:47:30.935471+00:00,2026-07-16 03:47:30.935471+00:00
22447,25702,Eltern Kind checkliste für Senioren,de,2026-07-16 03:47:30.935471+00:00,2026-07-16 03:47:30.935471+00:00
22448,25711,möbel abbau anleitung für umzüge,de,2026-07-16 03:47:30.935471+00:00,2026-07-16 03:47:30.935471+00:00
22449,25712,kräuterspirale bauen anleitung,de,2026-07-16 03:47:30.935471+00:00,2026-07-16 03:47:30.935471+00:00
22450,25713,Haustiere tagebuch für Studenten,de,2026-07-16 03:47:30.935471+00:00,2026-07-16 03:47:30.935471+00:00
22451,25714,Haustiere arbeitsbuch für Anfaenger,de,2026-07-16 03:47:30.935471+00:00,2026-07-16 03:47:30.935471+00:00
22452,25715,Software planer für Studenten,de,2026-07-16 03:47:30.935471+00:00,2026-07-16 03:47:30.935471+00:00
22453,25716,Software praxisbuch für Anfaenger,de,2026-07-16 03:47:30.935471+00:00,2026-07-16 03:47:30.935471+00:00
22454,25717,Business checkliste für Studenten,de,2026-07-16 03:47:30.935471+00:00,2026-07-16 03:47:30.935471+00:00
22455,25718,Business vorlagenbuch für Anfaenger,de,2026-07-16 03:47:30.935471+00:00,2026-07-16 03:47:30.935471+00:00
22456,25719,Finanzen ratgeber für Studenten,de,2026-07-16 03:47:30.935471+00:00,2026-07-16 03:47:30.935471+00:00
22457,25720,Finanzen leitfaden für Anfaenger,de,2026-07-16 03:47:30.935471+00:00,2026-07-16 03:47:30.935471+00:00
22458,25721,Schule tagebuch für Anfaenger,de,2026-07-16 03:47:30.935471+00:00,2026-07-16 03:47:30.935471+00:00
22459,25722,Schule arbeitsbuch für Studenten,de,2026-07-16 03:47:30.935471+00:00,2026-07-16 03:47:30.935471+00:00
22460,25723,Schule workbook für Anfaenger,de,2026-07-16 03:47:30.935471+00:00,2026-07-16 03:47:30.935471+00:00
22461,25724,Karriere planer für Anfaenger,de,2026-07-16 03:47:30.935471+00:00,2026-07-16 03:47:30.935471+00:00
22462,25725,Karriere praxisbuch für Studenten,de,2026-07-16 03:47:30.935471+00:00,2026-07-16 03:47:30.935471+00:00
22463,25726,Senioren checkliste für Anfaenger,de,2026-07-16 03:47:30.935471+00:00,2026-07-16 03:47:30.935471+00:00
22464,25727,Senioren vorlagenbuch für Studenten,de,2026-07-16 03:47:30.935471+00:00,2026-07-16 03:47:30.935471+00:00
22465,25728,Kochen ratgeber für Anfaenger,de,2026-07-16 03:47:30.935471+00:00,2026-07-16 03:47:30.935471+00:00
22466,25729,Kochen leitfaden für Studenten,de,2026-07-16 03:47:30.935471+00:00,2026-07-16 03:47:30.935471+00:00
22467,25730,Adhs arbeitsbuch für Anfaenger,de,2026-07-16 03:47:30.935471+00:00,2026-07-16 03:47:30.935471+00:00
22468,25731,Adhs workbook für Studenten,de,2026-07-16 03:47:30.935471+00:00,2026-07-16 03:47:30.935471+00:00
22469,25732,Demenz tagebuch für Anfaenger,de,2026-07-16 03:47:30.935471+00:00,2026-07-16 03:47:30.935471+00:00
22470,25733,Demenz arbeitsbuch für Studenten,de,2026-07-16 03:47:30.935471+00:00,2026-07-16 03:47:30.935471+00:00
22471,25734,Lernen planer für Anfaenger,de,2026-07-16 03:47:30.935471+00:00,2026-07-16 03:47:30.935471+00:00
22472,25735,Lernen praxisbuch für Studenten,de,2026-07-16 03:47:30.935471+00:00,2026-07-16 03:47:30.935471+00:00
22473,25736,Admin Recht checkliste für Anfaenger,de,2026-07-16 03:47:30.935471+00:00,2026-07-16 03:47:30.935471+00:00
22474,25737,Admin Recht vorlagenbuch für Studenten,de,2026-07-16 03:47:30.935471+00:00,2026-07-16 03:47:30.935471+00:00
22475,25738,Ausbildung ratgeber für Anfaenger,de,2026-07-16 03:47:30.935471+00:00,2026-07-16 03:47:30.935471+00:00
22476,25739,Ausbildung leitfaden für Studenten,de,2026-07-16 03:47:30.935471+00:00,2026-07-16 03:47:30.935471+00:00
22477,25740,Baby Kleinkind tagebuch für Studenten,de,2026-07-16 03:47:30.935471+00:00,2026-07-16 03:47:30.935471+00:00
22478,25741,Baby Kleinkind arbeitsbuch für Anfaenger,de,2026-07-16 03:47:30.935471+00:00,2026-07-16 03:47:30.935471+00:00
22479,25742,Baby Kleinkind workbook für Studenten,de,2026-07-16 03:47:30.935471+00:00,2026-07-16 03:47:30.935471+00:00
22480,25743,Chronische Erkrankung planer für Studenten,de,2026-07-16 03:47:30.935471+00:00,2026-07-16 03:47:30.935471+00:00
22481,25744,Chronische Erkrankung praxisbuch für Anfaenger,de,2026-07-16 03:47:30.935471+00:00,2026-07-16 03:47:30.935471+00:00
22482,25745,Digitale Ordnung checkliste für Studenten,de,2026-07-16 03:47:30.935471+00:00,2026-07-16 03:47:30.935471+00:00
22483,25746,Digitale Ordnung vorlagenbuch für Anfaenger,de,2026-07-16 03:47:30.935471+00:00,2026-07-16 03:47:30.935471+00:00
22484,25747,Eltern Kind ratgeber für Studenten,de,2026-07-16 03:47:30.935471+00:00,2026-07-16 03:47:30.935471+00:00
22485,25748,Eltern Kind leitfaden für Anfaenger,de,2026-07-16 03:47:30.935471+00:00,2026-07-16 03:47:30.935471+00:00
22486,25749,Energie arbeitsbuch für Studenten,de,2026-07-16 03:47:30.935471+00:00,2026-07-16 03:47:30.935471+00:00
22487,25750,Energie workbook für Anfaenger,de,2026-07-16 03:47:30.935471+00:00,2026-07-16 03:47:30.935471+00:00
22488,25751,Lokales Business tagebuch für Studenten,de,2026-07-16 03:47:30.935471+00:00,2026-07-16 03:47:30.935471+00:00
22489,25752,Lokales Business arbeitsbuch für Anfaenger,de,2026-07-16 03:47:30.935471+00:00,2026-07-16 03:47:30.935471+00:00
22490,25753,Marketing planer für Studenten,de,2026-07-16 03:47:30.935471+00:00,2026-07-16 03:47:30.935471+00:00
22491,25754,Marketing praxisbuch für Anfaenger,de,2026-07-16 03:47:30.935471+00:00,2026-07-16 03:47:30.935471+00:00
22492,25755,Medizin checkliste für Studenten,de,2026-07-16 03:47:30.935471+00:00,2026-07-16 03:47:30.935471+00:00
22493,25756,Medizin vorlagenbuch für Anfaenger,de,2026-07-16 03:47:30.935471+00:00,2026-07-16 03:47:30.935471+00:00
22494,25757,Mental Wellbeing ratgeber für Studenten,de,2026-07-16 03:47:30.935471+00:00,2026-07-16 03:47:30.935471+00:00
22495,25758,Mental Wellbeing leitfaden für Anfaenger,de,2026-07-16 03:47:30.935471+00:00,2026-07-16 03:47:30.935471+00:00
22496,25759,Migration tagebuch für Anfaenger,de,2026-07-16 03:47:30.935471+00:00,2026-07-16 03:47:30.935471+00:00
22497,25760,Migration arbeitsbuch für Studenten,de,2026-07-16 03:47:30.935471+00:00,2026-07-16 03:47:30.935471+00:00
22498,25761,Migration workbook für Anfaenger,de,2026-07-16 03:47:30.935471+00:00,2026-07-16 03:47:30.935471+00:00
22499,25762,Musik planer für Anfaenger,de,2026-07-16 03:47:30.935471+00:00,2026-07-16 03:47:30.935471+00:00
22500,25763,Musik praxisbuch für Studenten,de,2026-07-16 03:47:30.935471+00:00,2026-07-16 03:47:30.935471+00:00
22501,25764,Naehen Handarbeit checkliste für Anfaenger,de,2026-07-16 03:47:30.935471+00:00,2026-07-16 03:47:30.935471+00:00
22502,25765,Naehen Handarbeit vorlagenbuch für Studenten,de,2026-07-16 03:47:30.935471+00:00,2026-07-16 03:47:30.935471+00:00
22503,25766,Nachhaltigkeit ratgeber für Anfaenger,de,2026-07-16 03:47:30.935471+00:00,2026-07-16 03:47:30.935471+00:00
22504,25767,Nachhaltigkeit leitfaden für Studenten,de,2026-07-16 03:47:30.935471+00:00,2026-07-16 03:47:30.935471+00:00
22505,25768,Notfall Vorsorge arbeitsbuch für Anfaenger,de,2026-07-16 03:47:30.935471+00:00,2026-07-16 03:47:30.935471+00:00
22506,25769,Notfall Vorsorge workbook für Studenten,de,2026-07-16 03:47:30.935471+00:00,2026-07-16 03:47:30.935471+00:00
22507,25770,Renovierung tagebuch für Anfaenger,de,2026-07-16 03:47:30.935471+00:00,2026-07-16 03:47:30.935471+00:00
22508,25771,Renovierung arbeitsbuch für Studenten,de,2026-07-16 03:47:30.935471+00:00,2026-07-16 03:47:30.935471+00:00
22509,25772,Schlaf Erholung planer für Anfaenger,de,2026-07-16 03:47:30.935471+00:00,2026-07-16 03:47:30.935471+00:00
22510,25773,Schlaf Erholung praxisbuch für Studenten,de,2026-07-16 03:47:30.935471+00:00,2026-07-16 03:47:30.935471+00:00
22511,25774,Sprachen checkliste für Anfaenger,de,2026-07-16 03:47:30.935471+00:00,2026-07-16 03:47:30.935471+00:00
22512,25775,Sprachen vorlagenbuch für Studenten,de,2026-07-16 03:47:30.935471+00:00,2026-07-16 03:47:30.935471+00:00
22513,25776,Stadtleben ratgeber für Anfaenger,de,2026-07-16 03:47:30.935471+00:00,2026-07-16 03:47:30.935471+00:00
22514,25777,Stadtleben leitfaden für Studenten,de,2026-07-16 03:47:30.935471+00:00,2026-07-16 03:47:30.935471+00:00
22515,25778,Studium tagebuch für Studenten,de,2026-07-16 03:47:30.935471+00:00,2026-07-16 03:47:30.935471+00:00
22516,25779,Studium arbeitsbuch für Anfaenger,de,2026-07-16 03:47:30.935471+00:00,2026-07-16 03:47:30.935471+00:00
22517,25780,Studium workbook für Studenten,de,2026-07-16 03:47:30.935471+00:00,2026-07-16 03:47:30.935471+00:00
22518,25781,Transport Logistik planer für Studenten,de,2026-07-16 03:47:30.935471+00:00,2026-07-16 03:47:30.935471+00:00
22519,25782,Transport Logistik praxisbuch für Anfaenger,de,2026-07-16 03:47:30.935471+00:00,2026-07-16 03:47:30.935471+00:00
22520,25783,Veranstaltungen checkliste für Studenten,de,2026-07-16 03:47:30.935471+00:00,2026-07-16 03:47:30.935471+00:00
22521,25784,Veranstaltungen vorlagenbuch für Anfaenger,de,2026-07-16 03:47:30.935471+00:00,2026-07-16 03:47:30.935471+00:00
22522,25785,Vereine ratgeber für Studenten,de,2026-07-16 03:47:30.935471+00:00,2026-07-16 03:47:30.935471+00:00
22523,25786,Vereine leitfaden für Anfaenger,de,2026-07-16 03:47:30.935471+00:00,2026-07-16 03:47:30.935471+00:00
22524,25787,Versicherung arbeitsbuch für Studenten,de,2026-07-16 03:47:30.935471+00:00,2026-07-16 03:47:30.935471+00:00
22525,25788,Versicherung workbook für Anfaenger,de,2026-07-16 03:47:30.935471+00:00,2026-07-16 03:47:30.935471+00:00
22526,25789,Camping Vanlife tagebuch für Studenten,de,2026-07-16 03:47:30.935471+00:00,2026-07-16 03:47:30.935471+00:00
22527,25790,Camping Vanlife arbeitsbuch für Anfaenger,de,2026-07-16 03:47:30.935471+00:00,2026-07-16 03:47:30.935471+00:00
22528,25791,Erbschaft planer für Studenten,de,2026-07-16 03:47:30.935471+00:00,2026-07-16 03:47:30.935471+00:00
22529,25792,Erbschaft praxisbuch für Anfaenger,de,2026-07-16 03:47:30.935471+00:00,2026-07-16 03:47:30.935471+00:00
22530,25793,Excel Buchhaltung checkliste für Studenten,de,2026-07-16 03:47:30.935471+00:00,2026-07-16 03:47:30.935471+00:00
22531,25794,Excel Buchhaltung vorlagenbuch für Anfaenger,de,2026-07-16 03:47:30.935471+00:00,2026-07-16 03:47:30.935471+00:00
22532,25795,Fahrzeuge ratgeber für Studenten,de,2026-07-16 03:47:30.935471+00:00,2026-07-16 03:47:30.935471+00:00
22533,25796,Fahrzeuge leitfaden für Anfaenger,de,2026-07-16 03:47:30.935471+00:00,2026-07-16 03:47:30.935471+00:00
22534,25797,Freiwilligenarbeit tagebuch für Anfaenger,de,2026-07-16 03:47:30.935471+00:00,2026-07-16 03:47:30.935471+00:00
22535,25798,Freiwilligenarbeit arbeitsbuch für Studenten,de,2026-07-16 03:47:30.935471+00:00,2026-07-16 03:47:30.935471+00:00
22536,25799,Freiwilligenarbeit workbook für Anfaenger,de,2026-07-16 03:47:30.935471+00:00,2026-07-16 03:47:30.935471+00:00
22537,25800,Fuehrung Team planer für Anfaenger,de,2026-07-16 03:47:30.935471+00:00,2026-07-16 03:47:30.935471+00:00
22538,25801,Fuehrung Team praxisbuch für Studenten,de,2026-07-16 03:47:30.935471+00:00,2026-07-16 03:47:30.935471+00:00
22539,25802,Gastro checkliste für Anfaenger,de,2026-07-16 03:47:30.935471+00:00,2026-07-16 03:47:30.935471+00:00
22540,25803,Gastro vorlagenbuch für Studenten,de,2026-07-16 03:47:30.935471+00:00,2026-07-16 03:47:30.935471+00:00
22541,25804,Gemeinde Lokal ratgeber für Anfaenger,de,2026-07-16 03:47:30.935471+00:00,2026-07-16 03:47:30.935471+00:00
22542,25805,Gemeinde Lokal leitfaden für Studenten,de,2026-07-16 03:47:30.935471+00:00,2026-07-16 03:47:30.935471+00:00
22543,25806,Holzwerken Diy arbeitsbuch für Anfaenger,de,2026-07-16 03:47:30.935471+00:00,2026-07-16 03:47:30.935471+00:00
22544,25807,Holzwerken Diy workbook für Studenten,de,2026-07-16 03:47:30.935471+00:00,2026-07-16 03:47:30.935471+00:00
22545,25808,Landwirtschaft tagebuch für Anfaenger,de,2026-07-16 03:47:30.935471+00:00,2026-07-16 03:47:30.935471+00:00
22546,25809,Landwirtschaft arbeitsbuch für Studenten,de,2026-07-16 03:47:30.935471+00:00,2026-07-16 03:47:30.935471+00:00
22547,25810,Maenner Gesundheit planer für Anfaenger,de,2026-07-16 03:47:30.935471+00:00,2026-07-16 03:47:30.935471+00:00
22548,25811,Maenner Gesundheit praxisbuch für Studenten,de,2026-07-16 03:47:30.935471+00:00,2026-07-16 03:47:30.935471+00:00
22549,25812,Online Kurse checkliste für Anfaenger,de,2026-07-16 03:47:30.935471+00:00,2026-07-16 03:47:30.935471+00:00
22550,25813,Online Kurse vorlagenbuch für Studenten,de,2026-07-16 03:47:30.935471+00:00,2026-07-16 03:47:30.935471+00:00
22551,25814,Outdoor ratgeber für Anfaenger,de,2026-07-16 03:47:30.935471+00:00,2026-07-16 03:47:30.935471+00:00
22552,25815,Outdoor leitfaden für Studenten,de,2026-07-16 03:47:30.935471+00:00,2026-07-16 03:47:30.935471+00:00
22553,25816,Pferde tagebuch für Studenten,de,2026-07-16 03:47:30.935471+00:00,2026-07-16 03:47:30.935471+00:00
22554,25817,Pferde arbeitsbuch für Anfaenger,de,2026-07-16 03:47:30.935471+00:00,2026-07-16 03:47:30.935471+00:00
22555,25818,Pferde workbook für Studenten,de,2026-07-16 03:47:30.935471+00:00,2026-07-16 03:47:30.935471+00:00
22556,25819,Rente Vorsorge planer für Studenten,de,2026-07-16 03:47:30.935471+00:00,2026-07-16 03:47:30.935471+00:00
22557,25820,Rente Vorsorge praxisbuch für Anfaenger,de,2026-07-16 03:47:30.935471+00:00,2026-07-16 03:47:30.935471+00:00
22558,25821,Seo Content checkliste für Studenten,de,2026-07-16 03:47:30.935471+00:00,2026-07-16 03:47:30.935471+00:00
22559,25822,Seo Content vorlagenbuch für Anfaenger,de,2026-07-16 03:47:30.935471+00:00,2026-07-16 03:47:30.935471+00:00
22560,25823,Selbsthilfe ratgeber für Studenten,de,2026-07-16 03:47:30.935471+00:00,2026-07-16 03:47:30.935471+00:00
22561,25824,Selbsthilfe leitfaden für Anfaenger,de,2026-07-16 03:47:30.935471+00:00,2026-07-16 03:47:30.935471+00:00
22562,25825,Tiergesundheit arbeitsbuch für Studenten,de,2026-07-16 03:47:30.935471+00:00,2026-07-16 03:47:30.935471+00:00
22563,25826,Tiergesundheit workbook für Anfaenger,de,2026-07-16 03:47:30.935471+00:00,2026-07-16 03:47:30.935471+00:00
22564,25827,Fotobuch Erinnerungen tagebuch für Studenten,de,2026-07-16 03:47:30.935471+00:00,2026-07-16 03:47:30.935471+00:00
22565,25828,Fotobuch Erinnerungen arbeitsbuch für Anfaenger,de,2026-07-16 03:47:30.935471+00:00,2026-07-16 03:47:30.935471+00:00
22566,25829,Haushalt Senioren planer für Studenten,de,2026-07-16 03:47:30.935471+00:00,2026-07-16 03:47:30.935471+00:00
22567,25830,Haushalt Senioren praxisbuch für Anfaenger,de,2026-07-16 03:47:30.935471+00:00,2026-07-16 03:47:30.935471+00:00
22568,25831,Familienorganisation checkliste für Studenten,de,2026-07-16 03:47:30.935471+00:00,2026-07-16 03:47:30.935471+00:00
22569,25832,Familienorganisation vorlagenbuch für Anfaenger,de,2026-07-16 03:47:30.935471+00:00,2026-07-16 03:47:30.935471+00:00
22570,25833,Mietrecht ratgeber für Studenten,de,2026-07-16 03:47:30.935471+00:00,2026-07-16 03:47:30.935471+00:00
22571,25834,Mietrecht leitfaden für Anfaenger,de,2026-07-16 03:47:30.935471+00:00,2026-07-16 03:47:30.935471+00:00
22572,25835,Maenner Gesundheit checkliste für Jugendliche,de,2026-07-16 03:47:30.935471+00:00,2026-07-16 03:47:30.935471+00:00
22573,25836,Software vorlagenbuch für Jugendliche,de,2026-07-16 03:47:30.935471+00:00,2026-07-16 03:47:30.935471+00:00
22574,25837,Landwirtschaft praxisbuch für Berufstaetige,de,2026-07-16 03:47:30.935471+00:00,2026-07-16 03:47:30.935471+00:00
22575,25838,Fotobuch Erinnerungen planer für Berufstaetige,de,2026-07-16 03:47:30.935471+00:00,2026-07-16 03:47:30.935471+00:00
22576,25839,Landwirtschaft planer für Jugendliche,de,2026-07-16 03:47:30.935471+00:00,2026-07-16 03:47:30.935471+00:00
22577,25840,Smart Home arbeitsbuch für Berufstaetige,de,2026-07-16 03:47:30.935471+00:00,2026-07-16 03:47:30.935471+00:00
22578,25841,Stadtleben tagebuch für Berufstaetige,de,2026-07-16 03:47:30.935471+00:00,2026-07-16 03:47:30.935471+00:00
22579,25842,Ausbildung tagebuch für Berufstaetige,de,2026-07-16 03:47:30.935471+00:00,2026-07-16 03:47:30.935471+00:00
22580,25843,Laendliches Leben arbeitsbuch für Berufstaetige,de,2026-07-16 03:47:30.935471+00:00,2026-07-16 03:47:30.935471+00:00
22581,25844,Software checkliste für Berufstaetige,de,2026-07-16 03:47:30.935471+00:00,2026-07-16 03:47:30.935471+00:00
22582,25845,Laendliches Leben tagebuch für Jugendliche,de,2026-07-16 03:47:30.935471+00:00,2026-07-16 03:47:30.935471+00:00
22583,25846,Karriere checkliste für Jugendliche,de,2026-07-16 03:47:30.935471+00:00,2026-07-16 03:47:30.935471+00:00
22584,25847,Recht arbeitsbuch für Berufstaetige,de,2026-07-16 03:47:30.935471+00:00,2026-07-16 03:47:30.935471+00:00
22585,25848,Kochen arbeitsbuch für Jugendliche,de,2026-07-16 03:47:30.935471+00:00,2026-07-16 03:47:30.935471+00:00
22586,25849,Renovierung planer für Jugendliche,de,2026-07-16 03:47:30.935471+00:00,2026-07-16 03:47:30.935471+00:00
22587,25850,Ausbildung arbeitsbuch für Jugendliche,de,2026-07-16 03:47:30.935471+00:00,2026-07-16 03:47:30.935471+00:00
22588,25851,Studium planer für Berufstaetige,de,2026-07-16 03:47:30.935471+00:00,2026-07-16 03:47:30.935471+00:00
22589,25852,Gemeinde Lokal workbook für Berufstaetige,de,2026-07-16 03:47:30.935471+00:00,2026-07-16 03:47:30.935471+00:00
22590,25853,Haushalt Senioren vorlagenbuch für Jugendliche,de,2026-07-16 03:47:30.935471+00:00,2026-07-16 03:47:30.935471+00:00
22591,25854,Gemeinde Lokal arbeitsbuch für Jugendliche,de,2026-07-16 03:47:30.935471+00:00,2026-07-16 03:47:30.935471+00:00
22592,25855,Pflege tagebuch für Berufstaetige,de,2026-07-16 03:47:30.935471+00:00,2026-07-16 03:47:30.935471+00:00
22593,25856,Gastro leitfaden für Berufstaetige,de,2026-07-16 03:47:30.935471+00:00,2026-07-16 03:47:30.935471+00:00
22594,25857,Ausbildung workbook für Berufstaetige,de,2026-07-16 03:47:30.935471+00:00,2026-07-16 03:47:30.935471+00:00
22595,25858,Gastro ratgeber für Jugendliche,de,2026-07-16 03:47:30.935471+00:00,2026-07-16 03:47:30.935471+00:00
22596,25859,Mietrecht tagebuch für Jugendliche,de,2026-07-16 03:47:30.935471+00:00,2026-07-16 03:47:30.935471+00:00
22597,25860,Haustiere praxisbuch für Jugendliche,de,2026-07-16 03:47:30.935471+00:00,2026-07-16 03:47:30.935471+00:00
22598,25861,Immobilien tagebuch für Berufstaetige,de,2026-07-16 03:47:30.935471+00:00,2026-07-16 03:47:30.935471+00:00
22599,25862,Lernen checkliste für Jugendliche,de,2026-07-16 03:47:30.935471+00:00,2026-07-16 03:47:30.935471+00:00
22600,25863,Finanzen arbeitsbuch für Berufstaetige,de,2026-07-16 03:47:30.935471+00:00,2026-07-16 03:47:30.935471+00:00
22601,25864,Selbsthilfe workbook für Jugendliche,de,2026-07-16 03:47:30.935471+00:00,2026-07-16 03:47:30.935471+00:00
22602,25865,Sprachen leitfaden für Berufstaetige,de,2026-07-16 03:47:30.935471+00:00,2026-07-16 03:47:30.935471+00:00
22603,25866,Immobilien arbeitsbuch für Jugendliche,de,2026-07-16 03:47:30.935471+00:00,2026-07-16 03:47:30.935471+00:00
22604,25867,Baby Kleinkind planer für Berufstaetige,de,2026-07-16 03:47:30.935471+00:00,2026-07-16 03:47:30.935471+00:00
22605,25868,Fuehrung Team vorlagenbuch für Berufstaetige,de,2026-07-16 03:47:30.935471+00:00,2026-07-16 03:47:30.935471+00:00
22606,25869,Rente Vorsorge checkliste für Berufstaetige,de,2026-07-16 03:47:30.935471+00:00,2026-07-16 03:47:30.935471+00:00
22607,25870,Haustiere planer für Berufstaetige,de,2026-07-16 03:47:30.935471+00:00,2026-07-16 03:47:30.935471+00:00
22608,25871,Fuehrung Team checkliste für Jugendliche,de,2026-07-16 03:47:30.935471+00:00,2026-07-16 03:47:30.935471+00:00
22609,25872,Senioren leitfaden für Berufstaetige,de,2026-07-16 03:47:30.935471+00:00,2026-07-16 03:47:30.935471+00:00
22610,25873,Transport Logistik checkliste für Berufstaetige,de,2026-07-16 03:47:30.935471+00:00,2026-07-16 03:47:30.935471+00:00
22611,25874,Haushalt Senioren checkliste für Berufstaetige,de,2026-07-16 03:47:30.935471+00:00,2026-07-16 03:47:30.935471+00:00
22612,25875,Baby Kleinkind praxisbuch für Jugendliche,de,2026-07-16 03:47:30.935471+00:00,2026-07-16 03:47:30.935471+00:00
22613,25876,Sprachen ratgeber für Jugendliche,de,2026-07-16 03:47:30.935471+00:00,2026-07-16 03:47:30.935471+00:00
22614,25877,Demenz planer für Jugendliche,de,2026-07-16 03:47:30.935471+00:00,2026-07-16 03:47:30.935471+00:00
22615,25878,Lernen vorlagenbuch für Berufstaetige,de,2026-07-16 03:47:30.935471+00:00,2026-07-16 03:47:30.935471+00:00
22616,25879,Lokales Business planer für Berufstaetige,de,2026-07-16 03:47:30.935471+00:00,2026-07-16 03:47:30.935471+00:00
22617,25880,Freiwilligenarbeit praxisbuch für Berufstaetige,de,2026-07-16 03:47:30.935471+00:00,2026-07-16 03:47:30.935471+00:00
22618,25881,Pflege arbeitsbuch für Jugendliche,de,2026-07-16 03:47:30.935471+00:00,2026-07-16 03:47:30.935471+00:00
22619,25882,Finanzen workbook für Jugendliche,de,2026-07-16 03:47:30.935471+00:00,2026-07-16 03:47:30.935471+00:00
22620,25883,Senioren ratgeber für Jugendliche,de,2026-07-16 03:47:30.935471+00:00,2026-07-16 03:47:30.935471+00:00
22621,25884,Lokales Business praxisbuch für Jugendliche,de,2026-07-16 03:47:30.935471+00:00,2026-07-16 03:47:30.935471+00:00
22622,25885,Freiwilligenarbeit planer für Jugendliche,de,2026-07-16 03:47:30.935471+00:00,2026-07-16 03:47:30.935471+00:00
22623,25886,Kochen workbook für Berufstaetige,de,2026-07-16 03:47:30.935471+00:00,2026-07-16 03:47:30.935471+00:00
22624,25887,Fahrzeuge workbook für Jugendliche,de,2026-07-16 03:47:30.935471+00:00,2026-07-16 03:47:30.935471+00:00
22625,25888,Fahrzeuge arbeitsbuch für Berufstaetige,de,2026-07-16 03:47:30.935471+00:00,2026-07-16 03:47:30.935471+00:00
22626,25889,Chronische Erkrankung checkliste für Berufstaetige,de,2026-07-16 03:47:30.935471+00:00,2026-07-16 03:47:30.935471+00:00
22627,25890,Seo Content leitfaden für Jugendliche,de,2026-07-16 03:47:30.935471+00:00,2026-07-16 03:47:30.935471+00:00
22628,25891,Fahrzeuge tagebuch für Jugendliche,de,2026-07-16 03:47:30.935471+00:00,2026-07-16 03:47:30.935471+00:00
22629,25892,Finanzen tagebuch für Jugendliche,de,2026-07-16 03:47:30.935471+00:00,2026-07-16 03:47:30.935471+00:00
22630,25893,Excel Buchhaltung leitfaden für Jugendliche,de,2026-07-16 03:47:30.935471+00:00,2026-07-16 03:47:30.935471+00:00
22631,25894,Mietrecht arbeitsbuch für Berufstaetige,de,2026-07-16 03:47:30.935471+00:00,2026-07-16 03:47:30.935471+00:00
22632,25895,Selbsthilfe arbeitsbuch für Berufstaetige,de,2026-07-16 03:47:30.935471+00:00,2026-07-16 03:47:30.935471+00:00
22633,25896,Transport Logistik vorlagenbuch für Jugendliche,de,2026-07-16 03:47:30.935471+00:00,2026-07-16 03:47:30.935471+00:00
22634,25897,Marketing checkliste für Berufstaetige,de,2026-07-16 03:47:30.935471+00:00,2026-07-16 03:47:30.935471+00:00
22635,25898,Excel Buchhaltung ratgeber für Berufstaetige,de,2026-07-16 03:47:30.935471+00:00,2026-07-16 03:47:30.935471+00:00
22636,25899,Chronische Erkrankung vorlagenbuch für Jugendliche,de,2026-07-16 03:47:30.935471+00:00,2026-07-16 03:47:30.935471+00:00
22637,25900,Familienorganisation leitfaden für Jugendliche,de,2026-07-16 03:47:30.935471+00:00,2026-07-16 03:47:30.935471+00:00
22638,25901,Marketing vorlagenbuch für Jugendliche,de,2026-07-16 03:47:30.935471+00:00,2026-07-16 03:47:30.935471+00:00
22639,25902,Familienorganisation ratgeber für Berufstaetige,de,2026-07-16 03:47:30.935471+00:00,2026-07-16 03:47:30.935471+00:00
22640,25903,Erbschaft vorlagenbuch für Jugendliche,de,2026-07-16 03:47:30.935471+00:00,2026-07-16 03:47:30.935471+00:00
22641,25904,Pferde praxisbuch für Jugendliche,de,2026-07-16 03:47:30.935471+00:00,2026-07-16 03:47:30.935471+00:00
22642,25905,Erbschaft checkliste für Berufstaetige,de,2026-07-16 03:47:30.935471+00:00,2026-07-16 03:47:30.935471+00:00
22643,25906,Schlaf Erholung vorlagenbuch für Berufstaetige,de,2026-07-16 03:47:30.935471+00:00,2026-07-16 03:47:30.935471+00:00
22644,25907,Digitale Ordnung ratgeber für Berufstaetige,de,2026-07-16 03:47:30.935471+00:00,2026-07-16 03:47:30.935471+00:00
22645,25908,Stadtleben workbook für Berufstaetige,de,2026-07-16 03:47:30.935471+00:00,2026-07-16 03:47:30.935471+00:00
22646,25909,Camping Vanlife praxisbuch für Jugendliche,de,2026-07-16 03:47:30.935471+00:00,2026-07-16 03:47:30.935471+00:00
22647,25910,Business leitfaden für Jugendliche,de,2026-07-16 03:47:30.935471+00:00,2026-07-16 03:47:30.935471+00:00
22648,25911,Demenz praxisbuch für Berufstaetige,de,2026-07-16 03:47:30.935471+00:00,2026-07-16 03:47:30.935471+00:00
22649,25912,Schlaf Erholung checkliste für Jugendliche,de,2026-07-16 03:47:30.935471+00:00,2026-07-16 03:47:30.935471+00:00
22650,25913,Medizin ratgeber für Berufstaetige,de,2026-07-16 03:47:30.935471+00:00,2026-07-16 03:47:30.935471+00:00
22651,25914,Camping Vanlife planer für Berufstaetige,de,2026-07-16 03:47:30.935471+00:00,2026-07-16 03:47:30.935471+00:00
22652,25915,Digitale Ordnung leitfaden für Jugendliche,de,2026-07-16 03:47:30.935471+00:00,2026-07-16 03:47:30.935471+00:00
22653,25916,Medizin leitfaden für Jugendliche,de,2026-07-16 03:47:30.935471+00:00,2026-07-16 03:47:30.935471+00:00
22654,25917,Pferde planer für Berufstaetige,de,2026-07-16 03:47:30.935471+00:00,2026-07-16 03:47:30.935471+00:00
22655,25918,Beauty arbeitsbuch für Jugendliche,de,2026-07-16 03:47:30.935471+00:00,2026-07-16 03:47:30.935471+00:00
22656,25919,Rente Vorsorge vorlagenbuch für Jugendliche,de,2026-07-16 03:47:30.935471+00:00,2026-07-16 03:47:30.935471+00:00
22657,25920,Eltern Kind arbeitsbuch für Berufstaetige,de,2026-07-16 03:47:30.935471+00:00,2026-07-16 03:47:30.935471+00:00
22658,25921,Outdoor workbook für Berufstaetige,de,2026-07-16 03:47:30.935471+00:00,2026-07-16 03:47:30.935471+00:00
22659,25922,Mental Wellbeing tagebuch für Jugendliche,de,2026-07-16 03:47:30.935471+00:00,2026-07-16 03:47:30.935471+00:00
22660,25923,Beauty tagebuch für Berufstaetige,de,2026-07-16 03:47:30.935471+00:00,2026-07-16 03:47:30.935471+00:00
22661,25924,Outdoor arbeitsbuch für Jugendliche,de,2026-07-16 03:47:30.935471+00:00,2026-07-16 03:47:30.935471+00:00
22662,25925,Schule praxisbuch für Berufstaetige,de,2026-07-16 03:47:30.935471+00:00,2026-07-16 03:47:30.935471+00:00
22663,25926,Eltern Kind workbook für Jugendliche,de,2026-07-16 03:47:30.935471+00:00,2026-07-16 03:47:30.935471+00:00
22664,25927,Mental Wellbeing arbeitsbuch für Berufstaetige,de,2026-07-16 03:47:30.935471+00:00,2026-07-16 03:47:30.935471+00:00
22665,25928,Karriere vorlagenbuch für Berufstaetige,de,2026-07-16 03:47:30.935471+00:00,2026-07-16 03:47:30.935471+00:00
22666,25929,Mental Wellbeing workbook für Jugendliche,de,2026-07-16 03:47:30.935471+00:00,2026-07-16 03:47:30.935471+00:00
22667,25930,Stadtleben arbeitsbuch für Jugendliche,de,2026-07-16 03:47:30.935471+00:00,2026-07-16 03:47:30.935471+00:00
22668,25931,Fotobuch Erinnerungen praxisbuch für Jugendliche,de,2026-07-16 03:47:30.935471+00:00,2026-07-16 03:47:30.935471+00:00
22669,25932,Smart Home tagebuch für Jugendliche,de,2026-07-16 03:47:30.935471+00:00,2026-07-16 03:47:30.935471+00:00
22670,25933,Outdoor tagebuch für Berufstaetige,de,2026-07-16 03:47:30.935471+00:00,2026-07-16 03:47:30.935471+00:00
22671,25934,Migration planer für Jugendliche,de,2026-07-16 03:47:30.935471+00:00,2026-07-16 03:47:30.935471+00:00
22672,25935,Vereine workbook für Jugendliche,de,2026-07-16 03:47:30.935471+00:00,2026-07-16 03:47:30.935471+00:00
22673,25936,Admin Recht ratgeber für Jugendliche,de,2026-07-16 03:47:30.935471+00:00,2026-07-16 03:47:30.935471+00:00
22674,25937,Mietrecht workbook für Jugendliche,de,2026-07-16 03:47:30.935471+00:00,2026-07-16 03:47:30.935471+00:00
22675,25938,Online Kurse leitfaden für Berufstaetige,de,2026-07-16 03:47:30.935471+00:00,2026-07-16 03:47:30.935471+00:00
22676,25939,Migration praxisbuch für Berufstaetige,de,2026-07-16 03:47:30.935471+00:00,2026-07-16 03:47:30.935471+00:00
22677,25940,Vereine arbeitsbuch für Berufstaetige,de,2026-07-16 03:47:30.935471+00:00,2026-07-16 03:47:30.935471+00:00
22678,25941,Schule planer für Jugendliche,de,2026-07-16 03:47:30.935471+00:00,2026-07-16 03:47:30.935471+00:00
22679,25942,Business ratgeber für Berufstaetige,de,2026-07-16 03:47:30.935471+00:00,2026-07-16 03:47:30.935471+00:00
22680,25943,Veranstaltungen ratgeber für Berufstaetige,de,2026-07-16 03:47:30.935471+00:00,2026-07-16 03:47:30.935471+00:00
22681,25944,Musik checkliste für Jugendliche,de,2026-07-16 03:47:30.935471+00:00,2026-07-16 03:47:30.935471+00:00
22682,25945,Online Kurse ratgeber für Jugendliche,de,2026-07-16 03:47:30.935471+00:00,2026-07-16 03:47:30.935471+00:00
22683,25946,Recht tagebuch für Jugendliche,de,2026-07-16 03:47:30.935471+00:00,2026-07-16 03:47:30.935471+00:00
22684,25947,Admin Recht leitfaden für Berufstaetige,de,2026-07-16 03:47:30.935471+00:00,2026-07-16 03:47:30.935471+00:00
22685,25948,Musik vorlagenbuch für Berufstaetige,de,2026-07-16 03:47:30.935471+00:00,2026-07-16 03:47:30.935471+00:00
22686,25949,Frauen Gesundheit tagebuch für Berufstaetige,de,2026-07-16 03:47:30.935471+00:00,2026-07-16 03:47:30.935471+00:00
22687,25950,Renovierung praxisbuch für Berufstaetige,de,2026-07-16 03:47:30.935471+00:00,2026-07-16 03:47:30.935471+00:00
22688,25951,Naehen Handarbeit ratgeber für Jugendliche,de,2026-07-16 03:47:30.935471+00:00,2026-07-16 03:47:30.935471+00:00
22689,25952,Veranstaltungen leitfaden für Jugendliche,de,2026-07-16 03:47:30.935471+00:00,2026-07-16 03:47:30.935471+00:00
22690,25953,Maenner Gesundheit vorlagenbuch für Berufstaetige,de,2026-07-16 03:47:30.935471+00:00,2026-07-16 03:47:30.935471+00:00
22691,25954,Naehen Handarbeit leitfaden für Berufstaetige,de,2026-07-16 03:47:30.935471+00:00,2026-07-16 03:47:30.935471+00:00
22692,25955,Studium praxisbuch für Jugendliche,de,2026-07-16 03:47:30.935471+00:00,2026-07-16 03:47:30.935471+00:00
22693,25956,Nachhaltigkeit arbeitsbuch für Jugendliche,de,2026-07-16 03:47:30.935471+00:00,2026-07-16 03:47:30.935471+00:00
22694,25957,Seo Content ratgeber für Berufstaetige,de,2026-07-16 03:47:30.935471+00:00,2026-07-16 03:47:30.935471+00:00
22695,25958,Nachhaltigkeit workbook für Berufstaetige,de,2026-07-16 03:47:30.935471+00:00,2026-07-16 03:47:30.935471+00:00
22696,25959,Frauen Gesundheit arbeitsbuch für Jugendliche,de,2026-07-16 03:47:30.935471+00:00,2026-07-16 03:47:30.935471+00:00
22697,25960,Musik ratgeber für Kleinunternehmer,de,2026-07-16 03:47:30.935471+00:00,2026-07-16 03:47:30.935471+00:00
22698,25961,Frauen Gesundheit planer für Familien,de,2026-07-16 03:47:30.935471+00:00,2026-07-16 03:47:30.935471+00:00
22699,25962,Schule checkliste für Kleinunternehmer,de,2026-07-16 03:47:30.935471+00:00,2026-07-16 03:47:30.935471+00:00
22700,25963,Musik leitfaden für Familien,de,2026-07-16 03:47:30.935471+00:00,2026-07-16 03:47:30.935471+00:00
22701,25964,Naehen Handarbeit arbeitsbuch für Kleinunternehmer,de,2026-07-16 03:47:30.935471+00:00,2026-07-16 03:47:30.935471+00:00
22702,25965,Naehen Handarbeit workbook für Familien,de,2026-07-16 03:47:30.935471+00:00,2026-07-16 03:47:30.935471+00:00
22703,25966,Veranstaltungen workbook für Kleinunternehmer,de,2026-07-16 03:47:30.935471+00:00,2026-07-16 03:47:30.935471+00:00
22704,25967,Frauen Gesundheit praxisbuch für Kleinunternehmer,de,2026-07-16 03:47:30.935471+00:00,2026-07-16 03:47:30.935471+00:00
22705,25968,Veranstaltungen arbeitsbuch für Familien,de,2026-07-16 03:47:30.935471+00:00,2026-07-16 03:47:30.935471+00:00
22706,25969,Gesundheit tagebuch für Familien,de,2026-07-16 03:47:30.935471+00:00,2026-07-16 03:47:30.935471+00:00
22707,25970,Transport Logistik leitfaden für Kleinunternehmer,de,2026-07-16 03:47:30.935471+00:00,2026-07-16 03:47:30.935471+00:00
22708,25971,Transport Logistik ratgeber für Familien,de,2026-07-16 03:47:30.935471+00:00,2026-07-16 03:47:30.935471+00:00
22709,25972,Fotobuch Erinnerungen checkliste für Familien,de,2026-07-16 03:47:30.935471+00:00,2026-07-16 03:47:30.935471+00:00
22710,25973,Studium vorlagenbuch für Kleinunternehmer,de,2026-07-16 03:47:30.935471+00:00,2026-07-16 03:47:30.935471+00:00
22711,25974,Studium checkliste für Familien,de,2026-07-16 03:47:30.935471+00:00,2026-07-16 03:47:30.935471+00:00
22712,25975,Projektmanagement tagebuch für Kleinunternehmer,de,2026-07-16 03:47:30.935471+00:00,2026-07-16 03:47:30.935471+00:00
22713,25976,Stadtleben praxisbuch für Kleinunternehmer,de,2026-07-16 03:47:30.935471+00:00,2026-07-16 03:47:30.935471+00:00
22714,25977,Seo Content arbeitsbuch für Familien,de,2026-07-16 03:47:30.935471+00:00,2026-07-16 03:47:30.935471+00:00
22715,25978,Projektmanagement arbeitsbuch für Familien,de,2026-07-16 03:47:30.935471+00:00,2026-07-16 03:47:30.935471+00:00
22716,25979,Stadtleben planer für Familien,de,2026-07-16 03:47:30.935471+00:00,2026-07-16 03:47:30.935471+00:00
22717,25980,Sprachen workbook für Familien,de,2026-07-16 03:47:30.935471+00:00,2026-07-16 03:47:30.935471+00:00
22718,25981,Sprachen arbeitsbuch für Kleinunternehmer,de,2026-07-16 03:47:30.935471+00:00,2026-07-16 03:47:30.935471+00:00
22719,25982,Sprachen tagebuch für Familien,de,2026-07-16 03:47:30.935471+00:00,2026-07-16 03:47:30.935471+00:00
22720,25983,Schlaf Erholung leitfaden für Familien,de,2026-07-16 03:47:30.935471+00:00,2026-07-16 03:47:30.935471+00:00
22721,25984,Schlaf Erholung ratgeber für Kleinunternehmer,de,2026-07-16 03:47:30.935471+00:00,2026-07-16 03:47:30.935471+00:00
22722,25985,Recht planer für Kleinunternehmer,de,2026-07-16 03:47:30.935471+00:00,2026-07-16 03:47:30.935471+00:00
22723,25986,Renovierung vorlagenbuch für Familien,de,2026-07-16 03:47:30.935471+00:00,2026-07-16 03:47:30.935471+00:00
22724,25987,Lernen ratgeber für Kleinunternehmer,de,2026-07-16 03:47:30.935471+00:00,2026-07-16 03:47:30.935471+00:00
22725,25988,Recht praxisbuch für Familien,de,2026-07-16 03:47:30.935471+00:00,2026-07-16 03:47:30.935471+00:00
22726,25989,Renovierung checkliste für Kleinunternehmer,de,2026-07-16 03:47:30.935471+00:00,2026-07-16 03:47:30.935471+00:00
22727,25990,Pflege praxisbuch für Kleinunternehmer,de,2026-07-16 03:47:30.935471+00:00,2026-07-16 03:47:30.935471+00:00
22728,25991,Mietrecht planer für Kleinunternehmer,de,2026-07-16 03:47:30.935471+00:00,2026-07-16 03:47:30.935471+00:00
22729,25992,Lernen leitfaden für Familien,de,2026-07-16 03:47:30.935471+00:00,2026-07-16 03:47:30.935471+00:00
22730,25993,Finanzen praxisbuch für Familien,de,2026-07-16 03:47:30.935471+00:00,2026-07-16 03:47:30.935471+00:00
22731,25994,Finanzen planer für Kleinunternehmer,de,2026-07-16 03:47:30.935471+00:00,2026-07-16 03:47:30.935471+00:00
22732,25995,Ecommerce tagebuch für Kleinunternehmer,de,2026-07-16 03:47:30.935471+00:00,2026-07-16 03:47:30.935471+00:00
22733,25996,Admin Recht tagebuch für Familien,de,2026-07-16 03:47:30.935471+00:00,2026-07-16 03:47:30.935471+00:00
22734,25997,Business workbook für Kleinunternehmer,de,2026-07-16 03:47:30.935471+00:00,2026-07-16 03:47:30.935471+00:00
22735,25998,Smart Home praxisbuch für Familien,de,2026-07-16 03:47:30.935471+00:00,2026-07-16 03:47:30.935471+00:00
22736,25999,Admin Recht arbeitsbuch für Kleinunternehmer,de,2026-07-16 03:47:30.935471+00:00,2026-07-16 03:47:30.935471+00:00
22737,26000,Business arbeitsbuch für Familien,de,2026-07-16 03:47:30.935471+00:00,2026-07-16 03:47:30.935471+00:00
22738,26001,Admin Recht workbook für Familien,de,2026-07-16 03:47:30.935471+00:00,2026-07-16 03:47:30.935471+00:00
22739,26002,Business tagebuch für Kleinunternehmer,de,2026-07-16 03:47:30.935471+00:00,2026-07-16 03:47:30.935471+00:00
22740,26003,Rente Vorsorge leitfaden für Kleinunternehmer,de,2026-07-16 03:47:30.935471+00:00,2026-07-16 03:47:30.935471+00:00
22741,26004,Software leitfaden für Kleinunternehmer,de,2026-07-16 03:47:30.935471+00:00,2026-07-16 03:47:30.935471+00:00
22742,26005,Ausbildung planer für Familien,de,2026-07-16 03:47:30.935471+00:00,2026-07-16 03:47:30.935471+00:00
22743,26006,Software ratgeber für Familien,de,2026-07-16 03:47:30.935471+00:00,2026-07-16 03:47:30.935471+00:00
22744,26007,Ausbildung praxisbuch für Kleinunternehmer,de,2026-07-16 03:47:30.935471+00:00,2026-07-16 03:47:30.935471+00:00
22745,26008,Familienorganisation workbook für Kleinunternehmer,de,2026-07-16 03:47:30.935471+00:00,2026-07-16 03:47:30.935471+00:00
22746,26009,Pflege planer für Familien,de,2026-07-16 03:47:30.935471+00:00,2026-07-16 03:47:30.935471+00:00
22747,26010,Haustiere vorlagenbuch für Kleinunternehmer,de,2026-07-16 03:47:30.935471+00:00,2026-07-16 03:47:30.935471+00:00
22748,26011,Baby Kleinkind checkliste für Familien,de,2026-07-16 03:47:30.935471+00:00,2026-07-16 03:47:30.935471+00:00
22749,26012,Baby Kleinkind vorlagenbuch für Kleinunternehmer,de,2026-07-16 03:47:30.935471+00:00,2026-07-16 03:47:30.935471+00:00
22750,26013,Haustiere checkliste für Familien,de,2026-07-16 03:47:30.935471+00:00,2026-07-16 03:47:30.935471+00:00
22751,26014,Senioren workbook für Familien,de,2026-07-16 03:47:30.935471+00:00,2026-07-16 03:47:30.935471+00:00
22752,26015,Rente Vorsorge ratgeber für Familien,de,2026-07-16 03:47:30.935471+00:00,2026-07-16 03:47:30.935471+00:00
22753,26016,Chronische Erkrankung ratgeber für Familien,de,2026-07-16 03:47:30.935471+00:00,2026-07-16 03:47:30.935471+00:00
22754,26017,Senioren arbeitsbuch für Kleinunternehmer,de,2026-07-16 03:47:30.935471+00:00,2026-07-16 03:47:30.935471+00:00
22755,26018,Chronische Erkrankung leitfaden für Kleinunternehmer,de,2026-07-16 03:47:30.935471+00:00,2026-07-16 03:47:30.935471+00:00
22756,26019,Bildung Soziales tagebuch für Familien,de,2026-07-16 03:47:30.935471+00:00,2026-07-16 03:47:30.935471+00:00
22757,26020,Digitale Ordnung arbeitsbuch für Familien,de,2026-07-16 03:47:30.935471+00:00,2026-07-16 03:47:30.935471+00:00
22758,26021,Pferde vorlagenbuch für Kleinunternehmer,de,2026-07-16 03:47:30.935471+00:00,2026-07-16 03:47:30.935471+00:00
22759,26022,Familienorganisation arbeitsbuch für Familien,de,2026-07-16 03:47:30.935471+00:00,2026-07-16 03:47:30.935471+00:00
22760,26023,Digitale Ordnung workbook für Kleinunternehmer,de,2026-07-16 03:47:30.935471+00:00,2026-07-16 03:47:30.935471+00:00
22761,26024,Pferde checkliste für Familien,de,2026-07-16 03:47:30.935471+00:00,2026-07-16 03:47:30.935471+00:00
22762,26025,Outdoor praxisbuch für Kleinunternehmer,de,2026-07-16 03:47:30.935471+00:00,2026-07-16 03:47:30.935471+00:00
22763,26026,Bildung Soziales arbeitsbuch für Kleinunternehmer,de,2026-07-16 03:47:30.935471+00:00,2026-07-16 03:47:30.935471+00:00
22764,26027,Outdoor planer für Familien,de,2026-07-16 03:47:30.935471+00:00,2026-07-16 03:47:30.935471+00:00
22765,26028,Online Kurse workbook für Familien,de,2026-07-16 03:47:30.935471+00:00,2026-07-16 03:47:30.935471+00:00
22766,26029,Gesundheit arbeitsbuch für Kleinunternehmer,de,2026-07-16 03:47:30.935471+00:00,2026-07-16 03:47:30.935471+00:00
22767,26030,Online Kurse arbeitsbuch für Kleinunternehmer,de,2026-07-16 03:47:30.935471+00:00,2026-07-16 03:47:30.935471+00:00
22768,26031,Online Kurse tagebuch für Familien,de,2026-07-16 03:47:30.935471+00:00,2026-07-16 03:47:30.935471+00:00
22769,26032,Familienorganisation tagebuch für Kleinunternehmer,de,2026-07-16 03:47:30.935471+00:00,2026-07-16 03:47:30.935471+00:00
22770,26033,Maenner Gesundheit leitfaden für Familien,de,2026-07-16 03:47:30.935471+00:00,2026-07-16 03:47:30.935471+00:00
22771,26034,Maenner Gesundheit ratgeber für Kleinunternehmer,de,2026-07-16 03:47:30.935471+00:00,2026-07-16 03:47:30.935471+00:00
22772,26035,Landwirtschaft vorlagenbuch für Familien,de,2026-07-16 03:47:30.935471+00:00,2026-07-16 03:47:30.935471+00:00
22773,26036,Landwirtschaft checkliste für Kleinunternehmer,de,2026-07-16 03:47:30.935471+00:00,2026-07-16 03:47:30.935471+00:00
22774,26037,Karriere leitfaden für Familien,de,2026-07-16 03:47:30.935471+00:00,2026-07-16 03:47:30.935471+00:00
22775,26038,Homeoffice tagebuch für Familien,de,2026-07-16 03:47:30.935471+00:00,2026-07-16 03:47:30.935471+00:00
22776,26039,Laendliches Leben praxisbuch für Familien,de,2026-07-16 03:47:30.935471+00:00,2026-07-16 03:47:30.935471+00:00
22777,26040,Homeoffice arbeitsbuch für Kleinunternehmer,de,2026-07-16 03:47:30.935471+00:00,2026-07-16 03:47:30.935471+00:00
22778,26041,Laendliches Leben planer für Kleinunternehmer,de,2026-07-16 03:47:30.935471+00:00,2026-07-16 03:47:30.935471+00:00
22779,26042,Kundenservice arbeitsbuch für Familien,de,2026-07-16 03:47:30.935471+00:00,2026-07-16 03:47:30.935471+00:00
22780,26043,Kundenservice tagebuch für Kleinunternehmer,de,2026-07-16 03:47:30.935471+00:00,2026-07-16 03:47:30.935471+00:00
22781,26044,Mietrecht praxisbuch für Familien,de,2026-07-16 03:47:30.935471+00:00,2026-07-16 03:47:30.935471+00:00
22782,26045,Haushalt Senioren leitfaden für Kleinunternehmer,de,2026-07-16 03:47:30.935471+00:00,2026-07-16 03:47:30.935471+00:00
22783,26046,Gastro workbook für Familien,de,2026-07-16 03:47:30.935471+00:00,2026-07-16 03:47:30.935471+00:00
22784,26047,Immobilien planer für Familien,de,2026-07-16 03:47:30.935471+00:00,2026-07-16 03:47:30.935471+00:00
22785,26048,Gastro arbeitsbuch für Kleinunternehmer,de,2026-07-16 03:47:30.935471+00:00,2026-07-16 03:47:30.935471+00:00
22786,26049,Fischereiprüfung,de,2026-07-16 03:47:30.935471+00:00,2026-07-16 03:47:30.935471+00:00
22787,26050,Demenz checkliste für Kleinunternehmer,de,2026-07-16 03:47:30.935471+00:00,2026-07-16 03:47:30.935471+00:00
22788,26051,Immobilien praxisbuch für Kleinunternehmer,de,2026-07-16 03:47:30.935471+00:00,2026-07-16 03:47:30.935471+00:00
22789,26053,Fuehrung Team leitfaden für Familien,de,2026-07-16 03:47:30.935471+00:00,2026-07-16 03:47:30.935471+00:00
22790,26055,Fuehrung Team ratgeber für Kleinunternehmer,de,2026-07-16 03:47:30.935471+00:00,2026-07-16 03:47:30.935471+00:00
22791,26058,Haushalt Senioren ratgeber für Familien,de,2026-07-16 03:47:30.935471+00:00,2026-07-16 03:47:30.935471+00:00
22792,26059,Lokales Business checkliste für Familien,de,2026-07-16 03:47:30.935471+00:00,2026-07-16 03:47:30.935471+00:00
22793,26060,Freiwilligenarbeit vorlagenbuch für Familien,de,2026-07-16 03:47:30.935471+00:00,2026-07-16 03:47:30.935471+00:00
22794,26061,Karriere ratgeber für Kleinunternehmer,de,2026-07-16 03:47:30.935471+00:00,2026-07-16 03:47:30.935471+00:00
22795,26062,Lokales Business vorlagenbuch für Kleinunternehmer,de,2026-07-16 03:47:30.935471+00:00,2026-07-16 03:47:30.935471+00:00
22796,26063,Freiwilligenarbeit checkliste für Kleinunternehmer,de,2026-07-16 03:47:30.935471+00:00,2026-07-16 03:47:30.935471+00:00
22797,26064,Fahrzeuge praxisbuch für Familien,de,2026-07-16 03:47:30.935471+00:00,2026-07-16 03:47:30.935471+00:00
22798,26065,Fahrzeuge planer für Kleinunternehmer,de,2026-07-16 03:47:30.935471+00:00,2026-07-16 03:47:30.935471+00:00
22799,26066,Excel Buchhaltung workbook für Kleinunternehmer,de,2026-07-16 03:47:30.935471+00:00,2026-07-16 03:47:30.935471+00:00
22800,26067,Ecommerce arbeitsbuch für Familien,de,2026-07-16 03:47:30.935471+00:00,2026-07-16 03:47:30.935471+00:00
22801,26068,Marketing ratgeber für Familien,de,2026-07-16 03:47:30.935471+00:00,2026-07-16 03:47:30.935471+00:00
22802,26069,Excel Buchhaltung arbeitsbuch für Familien,de,2026-07-16 03:47:30.935471+00:00,2026-07-16 03:47:30.935471+00:00
22803,26070,Marketing leitfaden für Kleinunternehmer,de,2026-07-16 03:47:30.935471+00:00,2026-07-16 03:47:30.935471+00:00
22804,26071,Excel Buchhaltung tagebuch für Kleinunternehmer,de,2026-07-16 03:47:30.935471+00:00,2026-07-16 03:47:30.935471+00:00
22805,26072,Erbschaft leitfaden für Kleinunternehmer,de,2026-07-16 03:47:30.935471+00:00,2026-07-16 03:47:30.935471+00:00
22806,26073,Demenz vorlagenbuch für Familien,de,2026-07-16 03:47:30.935471+00:00,2026-07-16 03:47:30.935471+00:00
22807,26074,Medizin tagebuch für Kleinunternehmer,de,2026-07-16 03:47:30.935471+00:00,2026-07-16 03:47:30.935471+00:00
22808,26075,Erbschaft ratgeber für Familien,de,2026-07-16 03:47:30.935471+00:00,2026-07-16 03:47:30.935471+00:00
22809,26076,Camping Vanlife vorlagenbuch für Kleinunternehmer,de,2026-07-16 03:47:30.935471+00:00,2026-07-16 03:47:30.935471+00:00
22810,26077,Medizin arbeitsbuch für Familien,de,2026-07-16 03:47:30.935471+00:00,2026-07-16 03:47:30.935471+00:00
22811,26078,Medizin workbook für Kleinunternehmer,de,2026-07-16 03:47:30.935471+00:00,2026-07-16 03:47:30.935471+00:00
22812,26079,Camping Vanlife checkliste für Familien,de,2026-07-16 03:47:30.935471+00:00,2026-07-16 03:47:30.935471+00:00
22813,26080,Beauty praxisbuch für Kleinunternehmer,de,2026-07-16 03:47:30.935471+00:00,2026-07-16 03:47:30.935471+00:00
22814,26081,Seo Content workbook für Kleinunternehmer,de,2026-07-16 03:47:30.935471+00:00,2026-07-16 03:47:30.935471+00:00
22815,26082,Mental Wellbeing planer für Kleinunternehmer,de,2026-07-16 03:47:30.935471+00:00,2026-07-16 03:47:30.935471+00:00
22816,26083,Beauty planer für Familien,de,2026-07-16 03:47:30.935471+00:00,2026-07-16 03:47:30.935471+00:00
22817,26084,Mental Wellbeing praxisbuch für Familien,de,2026-07-16 03:47:30.935471+00:00,2026-07-16 03:47:30.935471+00:00
22818,26085,Barrierefreiheit arbeitsbuch für Kleinunternehmer,de,2026-07-16 03:47:30.935471+00:00,2026-07-16 03:47:30.935471+00:00
22819,26086,Barrierefreiheit tagebuch für Familien,de,2026-07-16 03:47:30.935471+00:00,2026-07-16 03:47:30.935471+00:00
22820,26087,Schule vorlagenbuch für Familien,de,2026-07-16 03:47:30.935471+00:00,2026-07-16 03:47:30.935471+00:00
22821,26088,Migration checkliste für Kleinunternehmer,de,2026-07-16 03:47:30.935471+00:00,2026-07-16 03:47:30.935471+00:00
22822,26089,Fotobuch Erinnerungen vorlagenbuch für Kleinunternehmer,de,2026-07-16 03:47:30.935471+00:00,2026-07-16 03:47:30.935471+00:00
22823,26090,Migration vorlagenbuch für Familien,de,2026-07-16 03:47:30.935471+00:00,2026-07-16 03:47:30.935471+00:00
22824,26091,Smart Home planer für Kleinunternehmer,de,2026-07-16 03:47:30.935471+00:00,2026-07-16 03:47:30.935471+00:00
22825,26092,Marketing workbook für Eltern,de,2026-07-16 03:47:30.935471+00:00,2026-07-16 03:47:30.935471+00:00
22826,26093,Smart Home checkliste für Eltern,de,2026-07-16 03:47:30.935471+00:00,2026-07-16 03:47:30.935471+00:00
22827,26094,Smart Home vorlagenbuch für Erwachsene,de,2026-07-16 03:47:30.935471+00:00,2026-07-16 03:47:30.935471+00:00
22828,26095,Demenz ratgeber für Eltern,de,2026-07-16 03:47:30.935471+00:00,2026-07-16 03:47:30.935471+00:00
22829,26096,Demenz leitfaden für Erwachsene,de,2026-07-16 03:47:30.935471+00:00,2026-07-16 03:47:30.935471+00:00
22830,26097,Lernen tagebuch für Erwachsene,de,2026-07-16 03:47:30.935471+00:00,2026-07-16 03:47:30.935471+00:00
22831,26098,Lernen arbeitsbuch für Eltern,de,2026-07-16 03:47:30.935471+00:00,2026-07-16 03:47:30.935471+00:00
22832,26099,Lernen workbook für Erwachsene,de,2026-07-16 03:47:30.935471+00:00,2026-07-16 03:47:30.935471+00:00
22833,26100,Pflege vorlagenbuch für Eltern,de,2026-07-16 03:47:30.935471+00:00,2026-07-16 03:47:30.935471+00:00
22834,26101,Admin Recht planer für Erwachsene,de,2026-07-16 03:47:30.935471+00:00,2026-07-16 03:47:30.935471+00:00
22835,26102,Admin Recht praxisbuch für Eltern,de,2026-07-16 03:47:30.935471+00:00,2026-07-16 03:47:30.935471+00:00
22836,26103,Ausbildung checkliste für Erwachsene,de,2026-07-16 03:47:30.935471+00:00,2026-07-16 03:47:30.935471+00:00
22837,26104,Ausbildung vorlagenbuch für Eltern,de,2026-07-16 03:47:30.935471+00:00,2026-07-16 03:47:30.935471+00:00
22838,26105,Baby Kleinkind ratgeber für Erwachsene,de,2026-07-16 03:47:30.935471+00:00,2026-07-16 03:47:30.935471+00:00
22839,26106,Baby Kleinkind leitfaden für Eltern,de,2026-07-16 03:47:30.935471+00:00,2026-07-16 03:47:30.935471+00:00
22840,26107,Pflege checkliste für Erwachsene,de,2026-07-16 03:47:30.935471+00:00,2026-07-16 03:47:30.935471+00:00
22841,26108,Chronische Erkrankung arbeitsbuch für Erwachsene,de,2026-07-16 03:47:30.935471+00:00,2026-07-16 03:47:30.935471+00:00
22842,26109,Bildung Soziales planer für Erwachsene,de,2026-07-16 03:47:30.935471+00:00,2026-07-16 03:47:30.935471+00:00
22843,26110,Chronische Erkrankung workbook für Eltern,de,2026-07-16 03:47:30.935471+00:00,2026-07-16 03:47:30.935471+00:00
22844,26111,Bildung Soziales praxisbuch für Eltern,de,2026-07-16 03:47:30.935471+00:00,2026-07-16 03:47:30.935471+00:00
22845,26112,Homeoffice planer für Erwachsene,de,2026-07-16 03:47:30.935471+00:00,2026-07-16 03:47:30.935471+00:00
22846,26113,Homeoffice praxisbuch für Eltern,de,2026-07-16 03:47:30.935471+00:00,2026-07-16 03:47:30.935471+00:00
22847,26114,Immobilien checkliste für Erwachsene,de,2026-07-16 03:47:30.935471+00:00,2026-07-16 03:47:30.935471+00:00
22848,26115,Immobilien vorlagenbuch für Eltern,de,2026-07-16 03:47:30.935471+00:00,2026-07-16 03:47:30.935471+00:00
22849,26116,Lokales Business ratgeber für Erwachsene,de,2026-07-16 03:47:30.935471+00:00,2026-07-16 03:47:30.935471+00:00
22850,26117,Lokales Business leitfaden für Eltern,de,2026-07-16 03:47:30.935471+00:00,2026-07-16 03:47:30.935471+00:00
22851,26118,Marketing tagebuch für Eltern,de,2026-07-16 03:47:30.935471+00:00,2026-07-16 03:47:30.935471+00:00
22852,26119,Marketing arbeitsbuch für Erwachsene,de,2026-07-16 03:47:30.935471+00:00,2026-07-16 03:47:30.935471+00:00
22853,26120,Medizin planer für Eltern,de,2026-07-16 03:47:30.935471+00:00,2026-07-16 03:47:30.935471+00:00
22854,26121,Medizin praxisbuch für Erwachsene,de,2026-07-16 03:47:30.935471+00:00,2026-07-16 03:47:30.935471+00:00
22855,26122,Mental Wellbeing checkliste für Eltern,de,2026-07-16 03:47:30.935471+00:00,2026-07-16 03:47:30.935471+00:00
22856,26123,Mental Wellbeing vorlagenbuch für Erwachsene,de,2026-07-16 03:47:30.935471+00:00,2026-07-16 03:47:30.935471+00:00
22857,26124,Migration ratgeber für Eltern,de,2026-07-16 03:47:30.935471+00:00,2026-07-16 03:47:30.935471+00:00
22858,26125,Migration leitfaden für Erwachsene,de,2026-07-16 03:47:30.935471+00:00,2026-07-16 03:47:30.935471+00:00
22859,26126,Frauen Gesundheit checkliste für Erwachsene,de,2026-07-16 03:47:30.935471+00:00,2026-07-16 03:47:30.935471+00:00
22860,26127,Musik arbeitsbuch für Eltern,de,2026-07-16 03:47:30.935471+00:00,2026-07-16 03:47:30.935471+00:00
22861,26128,Musik workbook für Erwachsene,de,2026-07-16 03:47:30.935471+00:00,2026-07-16 03:47:30.935471+00:00
22862,26129,Frauen Gesundheit vorlagenbuch für Eltern,de,2026-07-16 03:47:30.935471+00:00,2026-07-16 03:47:30.935471+00:00
22863,26130,Projektmanagement planer für Eltern,de,2026-07-16 03:47:30.935471+00:00,2026-07-16 03:47:30.935471+00:00
22864,26131,Projektmanagement praxisbuch für Erwachsene,de,2026-07-16 03:47:30.935471+00:00,2026-07-16 03:47:30.935471+00:00
22865,26132,Recht checkliste für Eltern,de,2026-07-16 03:47:30.935471+00:00,2026-07-16 03:47:30.935471+00:00
22866,26133,Recht vorlagenbuch für Erwachsene,de,2026-07-16 03:47:30.935471+00:00,2026-07-16 03:47:30.935471+00:00
22867,26134,Renovierung ratgeber für Eltern,de,2026-07-16 03:47:30.935471+00:00,2026-07-16 03:47:30.935471+00:00
22868,26135,Renovierung leitfaden für Erwachsene,de,2026-07-16 03:47:30.935471+00:00,2026-07-16 03:47:30.935471+00:00
22869,26136,Schlaf Erholung tagebuch für Erwachsene,de,2026-07-16 03:47:30.935471+00:00,2026-07-16 03:47:30.935471+00:00
22870,26137,Schlaf Erholung arbeitsbuch für Eltern,de,2026-07-16 03:47:30.935471+00:00,2026-07-16 03:47:30.935471+00:00
22871,26138,Schlaf Erholung workbook für Erwachsene,de,2026-07-16 03:47:30.935471+00:00,2026-07-16 03:47:30.935471+00:00
22872,26139,Sprachen planer für Erwachsene,de,2026-07-16 03:47:30.935471+00:00,2026-07-16 03:47:30.935471+00:00
22873,26140,Sprachen praxisbuch für Eltern,de,2026-07-16 03:47:30.935471+00:00,2026-07-16 03:47:30.935471+00:00
22874,26141,Stadtleben checkliste für Erwachsene,de,2026-07-16 03:47:30.935471+00:00,2026-07-16 03:47:30.935471+00:00
22875,26142,Stadtleben vorlagenbuch für Eltern,de,2026-07-16 03:47:30.935471+00:00,2026-07-16 03:47:30.935471+00:00
22876,26143,Studium ratgeber für Erwachsene,de,2026-07-16 03:47:30.935471+00:00,2026-07-16 03:47:30.935471+00:00
22877,26144,Studium leitfaden für Eltern,de,2026-07-16 03:47:30.935471+00:00,2026-07-16 03:47:30.935471+00:00
22878,26145,Fotobuch Erinnerungen ratgeber für Erwachsene,de,2026-07-16 03:47:30.935471+00:00,2026-07-16 03:47:30.935471+00:00
22879,26146,Gesundheit praxisbuch für Eltern,de,2026-07-16 03:47:30.935471+00:00,2026-07-16 03:47:30.935471+00:00
22880,26147,Transport Logistik arbeitsbuch für Erwachsene,de,2026-07-16 03:47:30.935471+00:00,2026-07-16 03:47:30.935471+00:00
22881,26148,Transport Logistik workbook für Eltern,de,2026-07-16 03:47:30.935471+00:00,2026-07-16 03:47:30.935471+00:00
22882,26149,Gesundheit planer für Erwachsene,de,2026-07-16 03:47:30.935471+00:00,2026-07-16 03:47:30.935471+00:00
22883,26150,Fotobuch Erinnerungen leitfaden für Eltern,de,2026-07-16 03:47:30.935471+00:00,2026-07-16 03:47:30.935471+00:00
22884,26151,Barrierefreiheit planer für Erwachsene,de,2026-07-16 03:47:30.935471+00:00,2026-07-16 03:47:30.935471+00:00
22885,26152,Barrierefreiheit praxisbuch für Eltern,de,2026-07-16 03:47:30.935471+00:00,2026-07-16 03:47:30.935471+00:00
22886,26153,Beauty checkliste für Erwachsene,de,2026-07-16 03:47:30.935471+00:00,2026-07-16 03:47:30.935471+00:00
22887,26154,Beauty vorlagenbuch für Eltern,de,2026-07-16 03:47:30.935471+00:00,2026-07-16 03:47:30.935471+00:00
22888,26155,Camping Vanlife ratgeber für Erwachsene,de,2026-07-16 03:47:30.935471+00:00,2026-07-16 03:47:30.935471+00:00
22889,26156,Camping Vanlife leitfaden für Eltern,de,2026-07-16 03:47:30.935471+00:00,2026-07-16 03:47:30.935471+00:00
22890,26157,Erbschaft tagebuch für Eltern,de,2026-07-16 03:47:30.935471+00:00,2026-07-16 03:47:30.935471+00:00
22891,26158,Erbschaft arbeitsbuch für Erwachsene,de,2026-07-16 03:47:30.935471+00:00,2026-07-16 03:47:30.935471+00:00
22892,26159,Erbschaft workbook für Eltern,de,2026-07-16 03:47:30.935471+00:00,2026-07-16 03:47:30.935471+00:00
22893,26160,Haushalt Senioren tagebuch für Eltern,de,2026-07-16 03:47:30.935471+00:00,2026-07-16 03:47:30.935471+00:00
22894,26161,Excel Buchhaltung planer für Eltern,de,2026-07-16 03:47:30.935471+00:00,2026-07-16 03:47:30.935471+00:00
22895,26162,Excel Buchhaltung praxisbuch für Erwachsene,de,2026-07-16 03:47:30.935471+00:00,2026-07-16 03:47:30.935471+00:00
22896,26163,Fahrzeuge checkliste für Eltern,de,2026-07-16 03:47:30.935471+00:00,2026-07-16 03:47:30.935471+00:00
22897,26164,Fahrzeuge vorlagenbuch für Erwachsene,de,2026-07-16 03:47:30.935471+00:00,2026-07-16 03:47:30.935471+00:00
22898,26165,Freiwilligenarbeit ratgeber für Eltern,de,2026-07-16 03:47:30.935471+00:00,2026-07-16 03:47:30.935471+00:00
22899,26166,Haushalt Senioren arbeitsbuch für Erwachsene,de,2026-07-16 03:47:30.935471+00:00,2026-07-16 03:47:30.935471+00:00
22900,26167,Freiwilligenarbeit leitfaden für Erwachsene,de,2026-07-16 03:47:30.935471+00:00,2026-07-16 03:47:30.935471+00:00
22901,26168,Fuehrung Team arbeitsbuch für Eltern,de,2026-07-16 03:47:30.935471+00:00,2026-07-16 03:47:30.935471+00:00
22902,26169,Mietrecht vorlagenbuch für Erwachsene,de,2026-07-16 03:47:30.935471+00:00,2026-07-16 03:47:30.935471+00:00
22903,26170,Fuehrung Team workbook für Erwachsene,de,2026-07-16 03:47:30.935471+00:00,2026-07-16 03:47:30.935471+00:00
22904,26171,Haushalt Senioren workbook für Eltern,de,2026-07-16 03:47:30.935471+00:00,2026-07-16 03:47:30.935471+00:00
22905,26172,Kundenservice planer für Eltern,de,2026-07-16 03:47:30.935471+00:00,2026-07-16 03:47:30.935471+00:00
22906,26173,Kundenservice praxisbuch für Erwachsene,de,2026-07-16 03:47:30.935471+00:00,2026-07-16 03:47:30.935471+00:00
22907,26174,Laendliches Leben checkliste für Eltern,de,2026-07-16 03:47:30.935471+00:00,2026-07-16 03:47:30.935471+00:00
22908,26175,Laendliches Leben vorlagenbuch für Erwachsene,de,2026-07-16 03:47:30.935471+00:00,2026-07-16 03:47:30.935471+00:00
22909,26176,Landwirtschaft ratgeber für Eltern,de,2026-07-16 03:47:30.935471+00:00,2026-07-16 03:47:30.935471+00:00
22910,26177,Landwirtschaft leitfaden für Erwachsene,de,2026-07-16 03:47:30.935471+00:00,2026-07-16 03:47:30.935471+00:00
22911,26178,Maenner Gesundheit tagebuch für Erwachsene,de,2026-07-16 03:47:30.935471+00:00,2026-07-16 03:47:30.935471+00:00
22912,26179,Maenner Gesundheit arbeitsbuch für Eltern,de,2026-07-16 03:47:30.935471+00:00,2026-07-16 03:47:30.935471+00:00
22913,26180,Familienorganisation planer für Eltern,de,2026-07-16 03:47:30.935471+00:00,2026-07-16 03:47:30.935471+00:00
22914,26181,Maenner Gesundheit workbook für Erwachsene,de,2026-07-16 03:47:30.935471+00:00,2026-07-16 03:47:30.935471+00:00
22915,26182,Online Kurse planer für Erwachsene,de,2026-07-16 03:47:30.935471+00:00,2026-07-16 03:47:30.935471+00:00
22916,26183,Online Kurse praxisbuch für Eltern,de,2026-07-16 03:47:30.935471+00:00,2026-07-16 03:47:30.935471+00:00
22917,26184,Outdoor checkliste für Erwachsene,de,2026-07-16 03:47:30.935471+00:00,2026-07-16 03:47:30.935471+00:00
22918,26185,Outdoor vorlagenbuch für Eltern,de,2026-07-16 03:47:30.935471+00:00,2026-07-16 03:47:30.935471+00:00
22919,26186,Familienorganisation praxisbuch für Erwachsene,de,2026-07-16 03:47:30.935471+00:00,2026-07-16 03:47:30.935471+00:00
22920,26187,Pferde ratgeber für Erwachsene,de,2026-07-16 03:47:30.935471+00:00,2026-07-16 03:47:30.935471+00:00
22921,26188,Pferde leitfaden für Eltern,de,2026-07-16 03:47:30.935471+00:00,2026-07-16 03:47:30.935471+00:00
22922,26189,Rente Vorsorge arbeitsbuch für Erwachsene,de,2026-07-16 03:47:30.935471+00:00,2026-07-16 03:47:30.935471+00:00
22923,26190,Haustiere ratgeber für Erwachsene,de,2026-07-16 03:47:30.935471+00:00,2026-07-16 03:47:30.935471+00:00
22924,26191,Haustiere leitfaden für Eltern,de,2026-07-16 03:47:30.935471+00:00,2026-07-16 03:47:30.935471+00:00
22925,26192,Software tagebuch für Eltern,de,2026-07-16 03:47:30.935471+00:00,2026-07-16 03:47:30.935471+00:00
22926,26193,Software arbeitsbuch für Erwachsene,de,2026-07-16 03:47:30.935471+00:00,2026-07-16 03:47:30.935471+00:00
22927,26194,Rente Vorsorge workbook für Eltern,de,2026-07-16 03:47:30.935471+00:00,2026-07-16 03:47:30.935471+00:00
22928,26195,Software workbook für Eltern,de,2026-07-16 03:47:30.935471+00:00,2026-07-16 03:47:30.935471+00:00
22929,26196,Business planer für Eltern,de,2026-07-16 03:47:30.935471+00:00,2026-07-16 03:47:30.935471+00:00
22930,26197,Business praxisbuch für Erwachsene,de,2026-07-16 03:47:30.935471+00:00,2026-07-16 03:47:30.935471+00:00
22931,26198,Finanzen checkliste für Eltern,de,2026-07-16 03:47:30.935471+00:00,2026-07-16 03:47:30.935471+00:00
22932,26199,Finanzen vorlagenbuch für Erwachsene,de,2026-07-16 03:47:30.935471+00:00,2026-07-16 03:47:30.935471+00:00
22933,26200,Schule ratgeber für Eltern,de,2026-07-16 03:47:30.935471+00:00,2026-07-16 03:47:30.935471+00:00
22934,26201,Schule leitfaden für Erwachsene,de,2026-07-16 03:47:30.935471+00:00,2026-07-16 03:47:30.935471+00:00
22935,26202,Karriere arbeitsbuch für Eltern,de,2026-07-16 03:47:30.935471+00:00,2026-07-16 03:47:30.935471+00:00
22936,26203,Karriere workbook für Erwachsene,de,2026-07-16 03:47:30.935471+00:00,2026-07-16 03:47:30.935471+00:00
22937,26204,Mietrecht checkliste für Eltern,de,2026-07-16 03:47:30.935471+00:00,2026-07-16 03:47:30.935471+00:00
22938,26205,Ecommerce planer für Eltern,de,2026-07-16 03:47:30.935471+00:00,2026-07-16 03:47:30.935471+00:00
22939,26206,Ecommerce praxisbuch für Erwachsene,de,2026-07-16 03:47:30.935471+00:00,2026-07-16 03:47:30.935471+00:00
22940,26207,Recht leitfaden für Einsteiger,de,2026-07-16 03:47:30.935471+00:00,2026-07-16 03:47:30.935471+00:00
22941,26208,Software praxisbuch für Einsteiger,de,2026-07-16 03:47:30.935471+00:00,2026-07-16 03:47:30.935471+00:00
22942,26209,Kundenservice vorlagenbuch für Einsteiger,de,2026-07-16 03:47:30.935471+00:00,2026-07-16 03:47:30.935471+00:00
22943,26210,Demenz workbook für Einsteiger,de,2026-07-16 03:47:30.935471+00:00,2026-07-16 03:47:30.935471+00:00
22944,26211,Fotobuch Erinnerungen workbook für Senioren,de,2026-07-16 03:47:30.935471+00:00,2026-07-16 03:47:30.935471+00:00
22945,26212,Lernen praxisbuch für Senioren,de,2026-07-16 03:47:30.935471+00:00,2026-07-16 03:47:30.935471+00:00
22946,26213,Stadtleben leitfaden für Senioren,de,2026-07-16 03:47:30.935471+00:00,2026-07-16 03:47:30.935471+00:00
22947,26214,Excel Buchhaltung checkliste für Senioren,de,2026-07-16 03:47:30.935471+00:00,2026-07-16 03:47:30.935471+00:00
22948,26215,Kundenservice checkliste für Senioren,de,2026-07-16 03:47:30.935471+00:00,2026-07-16 03:47:30.935471+00:00
22949,26216,Renovierung tagebuch für Einsteiger,de,2026-07-16 03:47:30.935471+00:00,2026-07-16 03:47:30.935471+00:00
22950,26217,Mietrecht leitfaden für Einsteiger,de,2026-07-16 03:47:30.935471+00:00,2026-07-16 03:47:30.935471+00:00
22951,26218,Pferde arbeitsbuch für Einsteiger,de,2026-07-16 03:47:30.935471+00:00,2026-07-16 03:47:30.935471+00:00
22952,26219,Excel Buchhaltung vorlagenbuch für Einsteiger,de,2026-07-16 03:47:30.935471+00:00,2026-07-16 03:47:30.935471+00:00
22953,26220,Sprachen checkliste für Einsteiger,de,2026-07-16 03:47:30.935471+00:00,2026-07-16 03:47:30.935471+00:00
22954,26221,Frauen Gesundheit leitfaden für Senioren,de,2026-07-16 03:47:30.935471+00:00,2026-07-16 03:47:30.935471+00:00
22955,26222,Schlaf Erholung planer für Einsteiger,de,2026-07-16 03:47:30.935471+00:00,2026-07-16 03:47:30.935471+00:00
22956,26223,Software planer für Senioren,de,2026-07-16 03:47:30.935471+00:00,2026-07-16 03:47:30.935471+00:00
22957,26224,Ecommerce checkliste für Senioren,de,2026-07-16 03:47:30.935471+00:00,2026-07-16 03:47:30.935471+00:00
22958,26225,Marketing praxisbuch für Einsteiger,de,2026-07-16 03:47:30.935471+00:00,2026-07-16 03:47:30.935471+00:00
22959,26226,Smart Home ratgeber für Senioren,de,2026-07-16 03:47:30.935471+00:00,2026-07-16 03:47:30.935471+00:00
22960,26227,Admin Recht checkliste für Einsteiger,de,2026-07-16 03:47:30.935471+00:00,2026-07-16 03:47:30.935471+00:00
22961,26228,Schlaf Erholung praxisbuch für Senioren,de,2026-07-16 03:47:30.935471+00:00,2026-07-16 03:47:30.935471+00:00
22962,26229,Maenner Gesundheit praxisbuch für Senioren,de,2026-07-16 03:47:30.935471+00:00,2026-07-16 03:47:30.935471+00:00
22963,26230,Fahrzeuge ratgeber für Senioren,de,2026-07-16 03:47:30.935471+00:00,2026-07-16 03:47:30.935471+00:00
22964,26231,Demenz arbeitsbuch für Senioren,de,2026-07-16 03:47:30.935471+00:00,2026-07-16 03:47:30.935471+00:00
22965,26232,Migration arbeitsbuch für Senioren,de,2026-07-16 03:47:30.935471+00:00,2026-07-16 03:47:30.935471+00:00
22966,26233,Schule arbeitsbuch für Senioren,de,2026-07-16 03:47:30.935471+00:00,2026-07-16 03:47:30.935471+00:00
22967,26234,Business checkliste für Senioren,de,2026-07-16 03:47:30.935471+00:00,2026-07-16 03:47:30.935471+00:00
22968,26235,Fahrzeuge leitfaden für Einsteiger,de,2026-07-16 03:47:30.935471+00:00,2026-07-16 03:47:30.935471+00:00
22969,26236,Maenner Gesundheit planer für Einsteiger,de,2026-07-16 03:47:30.935471+00:00,2026-07-16 03:47:30.935471+00:00
22970,26237,Marketing planer für Senioren,de,2026-07-16 03:47:30.935471+00:00,2026-07-16 03:47:30.935471+00:00
22971,26238,Familienorganisation vorlagenbuch für Einsteiger,de,2026-07-16 03:47:30.935471+00:00,2026-07-16 03:47:30.935471+00:00
22972,26239,Barrierefreiheit vorlagenbuch für Senioren,de,2026-07-16 03:47:30.935471+00:00,2026-07-16 03:47:30.935471+00:00
22973,26240,Fotobuch Erinnerungen tagebuch für Senioren,de,2026-07-16 03:47:30.935471+00:00,2026-07-16 03:47:30.935471+00:00
22974,26241,Mietrecht ratgeber für Senioren,de,2026-07-16 03:47:30.935471+00:00,2026-07-16 03:47:30.935471+00:00
22975,26242,Haushalt Senioren praxisbuch für Einsteiger,de,2026-07-16 03:47:30.935471+00:00,2026-07-16 03:47:30.935471+00:00
22976,26244,Freiwilligenarbeit arbeitsbuch für Senioren,de,2026-07-16 03:47:30.935471+00:00,2026-07-16 03:47:30.935471+00:00
22977,26245,Immobilien ratgeber für Einsteiger,de,2026-07-16 03:47:30.935471+00:00,2026-07-16 03:47:30.935471+00:00
22978,26246,Gesundheit checkliste für Einsteiger,de,2026-07-16 03:47:30.935471+00:00,2026-07-16 03:47:30.935471+00:00
22979,26247,Frauen Gesundheit ratgeber für Einsteiger,de,2026-07-16 03:47:30.935471+00:00,2026-07-16 03:47:30.935471+00:00
22980,26248,Online Kurse vorlagenbuch für Senioren,de,2026-07-16 03:47:30.935471+00:00,2026-07-16 03:47:30.935471+00:00
22981,26249,Freiwilligenarbeit workbook für Einsteiger,de,2026-07-16 03:47:30.935471+00:00,2026-07-16 03:47:30.935471+00:00
22982,26250,Immobilien leitfaden für Senioren,de,2026-07-16 03:47:30.935471+00:00,2026-07-16 03:47:30.935471+00:00
22983,26251,Lokales Business workbook für Senioren,de,2026-07-16 03:47:30.935471+00:00,2026-07-16 03:47:30.935471+00:00
22984,26252,Recht ratgeber für Senioren,de,2026-07-16 03:47:30.935471+00:00,2026-07-16 03:47:30.935471+00:00
22985,26253,Lokales Business arbeitsbuch für Einsteiger,de,2026-07-16 03:47:30.935471+00:00,2026-07-16 03:47:30.935471+00:00
22986,26254,Pflege ratgeber für Einsteiger,de,2026-07-16 03:47:30.935471+00:00,2026-07-16 03:47:30.935471+00:00
22987,26255,Demenz tagebuch für Einsteiger,de,2026-07-16 03:47:30.935471+00:00,2026-07-16 03:47:30.935471+00:00
22988,26256,Migration workbook für Einsteiger,de,2026-07-16 03:47:30.935471+00:00,2026-07-16 03:47:30.935471+00:00
22989,26257,Bildung Soziales checkliste für Einsteiger,de,2026-07-16 03:47:30.935471+00:00,2026-07-16 03:47:30.935471+00:00
22990,26258,Finanzen ratgeber für Senioren,de,2026-07-16 03:47:30.935471+00:00,2026-07-16 03:47:30.935471+00:00
22991,26259,Lokales Business tagebuch für Senioren,de,2026-07-16 03:47:30.935471+00:00,2026-07-16 03:47:30.935471+00:00
22992,26260,Familienorganisation checkliste für Senioren,de,2026-07-16 03:47:30.935471+00:00,2026-07-16 03:47:30.935471+00:00
22993,26261,Gesundheit vorlagenbuch für Senioren,de,2026-07-16 03:47:30.935471+00:00,2026-07-16 03:47:30.935471+00:00
22994,26262,Smart Home leitfaden für Einsteiger,de,2026-07-16 03:47:30.935471+00:00,2026-07-16 03:47:30.935471+00:00
22995,26263,Ausbildung ratgeber für Einsteiger,de,2026-07-16 03:47:30.935471+00:00,2026-07-16 03:47:30.935471+00:00
22996,26264,Stadtleben ratgeber für Einsteiger,de,2026-07-16 03:47:30.935471+00:00,2026-07-16 03:47:30.935471+00:00
22997,26265,Business vorlagenbuch für Einsteiger,de,2026-07-16 03:47:30.935471+00:00,2026-07-16 03:47:30.935471+00:00
22998,26266,Landwirtschaft workbook für Einsteiger,de,2026-07-16 03:47:30.935471+00:00,2026-07-16 03:47:30.935471+00:00
22999,26267,Homeoffice checkliste für Einsteiger,de,2026-07-16 03:47:30.935471+00:00,2026-07-16 03:47:30.935471+00:00
23000,26268,Ecommerce vorlagenbuch für Einsteiger,de,2026-07-16 03:47:30.935471+00:00,2026-07-16 03:47:30.935471+00:00
23001,26269,Beauty ratgeber für Einsteiger,de,2026-07-16 03:47:30.935471+00:00,2026-07-16 03:47:30.935471+00:00
23002,26270,Lernen planer für Einsteiger,de,2026-07-16 03:47:30.935471+00:00,2026-07-16 03:47:30.935471+00:00
23003,26271,Mental Wellbeing leitfaden für Einsteiger,de,2026-07-16 03:47:30.935471+00:00,2026-07-16 03:47:30.935471+00:00
23004,26272,Bildung Soziales vorlagenbuch für Senioren,de,2026-07-16 03:47:30.935471+00:00,2026-07-16 03:47:30.935471+00:00
23005,26273,Haustiere tagebuch für Senioren,de,2026-07-16 03:47:30.935471+00:00,2026-07-16 03:47:30.935471+00:00
23006,26274,Beauty leitfaden für Senioren,de,2026-07-16 03:47:30.935471+00:00,2026-07-16 03:47:30.935471+00:00
23007,26275,Ausbildung leitfaden für Senioren,de,2026-07-16 03:47:30.935471+00:00,2026-07-16 03:47:30.935471+00:00
23008,26276,Mental Wellbeing ratgeber für Senioren,de,2026-07-16 03:47:30.935471+00:00,2026-07-16 03:47:30.935471+00:00
23009,26277,Projektmanagement vorlagenbuch für Einsteiger,de,2026-07-16 03:47:30.935471+00:00,2026-07-16 03:47:30.935471+00:00
23010,26278,Landwirtschaft arbeitsbuch für Senioren,de,2026-07-16 03:47:30.935471+00:00,2026-07-16 03:47:30.935471+00:00
23011,26279,Online Kurse checkliste für Einsteiger,de,2026-07-16 03:47:30.935471+00:00,2026-07-16 03:47:30.935471+00:00
23012,26280,Landwirtschaft tagebuch für Einsteiger,de,2026-07-16 03:47:30.935471+00:00,2026-07-16 03:47:30.935471+00:00
23013,26281,Pferde workbook für Senioren,de,2026-07-16 03:47:30.935471+00:00,2026-07-16 03:47:30.935471+00:00
23014,26282,Camping Vanlife tagebuch für Senioren,de,2026-07-16 03:47:30.935471+00:00,2026-07-16 03:47:30.935471+00:00
23015,26283,Haustiere arbeitsbuch für Einsteiger,de,2026-07-16 03:47:30.935471+00:00,2026-07-16 03:47:30.935471+00:00
23016,26284,Studium arbeitsbuch für Einsteiger,de,2026-07-16 03:47:30.935471+00:00,2026-07-16 03:47:30.935471+00:00
23017,26285,Renovierung arbeitsbuch für Senioren,de,2026-07-16 03:47:30.935471+00:00,2026-07-16 03:47:30.935471+00:00
23018,26286,Pflege leitfaden für Senioren,de,2026-07-16 03:47:30.935471+00:00,2026-07-16 03:47:30.935471+00:00
23019,26287,Camping Vanlife arbeitsbuch für Einsteiger,de,2026-07-16 03:47:30.935471+00:00,2026-07-16 03:47:30.935471+00:00
23020,26288,Schule workbook für Einsteiger,de,2026-07-16 03:47:30.935471+00:00,2026-07-16 03:47:30.935471+00:00
23021,26289,Outdoor leitfaden für Senioren,de,2026-07-16 03:47:30.935471+00:00,2026-07-16 03:47:30.935471+00:00
23022,26290,Sprachen vorlagenbuch für Senioren,de,2026-07-16 03:47:30.935471+00:00,2026-07-16 03:47:30.935471+00:00
23023,26291,Laendliches Leben leitfaden für Einsteiger,de,2026-07-16 03:47:30.935471+00:00,2026-07-16 03:47:30.935471+00:00
23024,26292,Camping Vanlife workbook für Senioren,de,2026-07-16 03:47:30.935471+00:00,2026-07-16 03:47:30.935471+00:00
23025,26293,Baby Kleinkind workbook für Senioren,de,2026-07-16 03:47:30.935471+00:00,2026-07-16 03:47:30.935471+00:00
23026,26294,Medizin vorlagenbuch für Einsteiger,de,2026-07-16 03:47:30.935471+00:00,2026-07-16 03:47:30.935471+00:00
23027,26295,Admin Recht vorlagenbuch für Senioren,de,2026-07-16 03:47:30.935471+00:00,2026-07-16 03:47:30.935471+00:00
23028,26296,Haustiere workbook für Senioren,de,2026-07-16 03:47:30.935471+00:00,2026-07-16 03:47:30.935471+00:00
23029,26297,Studium workbook für Senioren,de,2026-07-16 03:47:30.935471+00:00,2026-07-16 03:47:30.935471+00:00
23030,26298,Homeoffice vorlagenbuch für Senioren,de,2026-07-16 03:47:30.935471+00:00,2026-07-16 03:47:30.935471+00:00
23031,26299,Outdoor ratgeber für Einsteiger,de,2026-07-16 03:47:30.935471+00:00,2026-07-16 03:47:30.935471+00:00
23032,26300,Erbschaft planer für Senioren,de,2026-07-16 03:47:30.935471+00:00,2026-07-16 03:47:30.935471+00:00
23033,26301,Finanzen leitfaden für Einsteiger,de,2026-07-16 03:47:30.935471+00:00,2026-07-16 03:47:30.935471+00:00
23034,26302,Fotobuch Erinnerungen arbeitsbuch für Einsteiger,de,2026-07-16 03:47:30.935471+00:00,2026-07-16 03:47:30.935471+00:00
23035,26303,Laendliches Leben ratgeber für Senioren,de,2026-07-16 03:47:30.935471+00:00,2026-07-16 03:47:30.935471+00:00
23036,26304,Baby Kleinkind arbeitsbuch für Einsteiger,de,2026-07-16 03:47:30.935471+00:00,2026-07-16 03:47:30.935471+00:00
23037,26305,Erbschaft praxisbuch für Einsteiger,de,2026-07-16 03:47:30.935471+00:00,2026-07-16 03:47:30.935471+00:00
23038,26306,Barrierefreiheit checkliste für Einsteiger,de,2026-07-16 03:47:30.935471+00:00,2026-07-16 03:47:30.935471+00:00
23039,26307,Projektmanagement checkliste für Senioren,de,2026-07-16 03:47:30.935471+00:00,2026-07-16 03:47:30.935471+00:00
23040,26308,Medizin checkliste für Senioren,de,2026-07-16 03:47:30.935471+00:00,2026-07-16 03:47:30.935471+00:00
23041,26309,Haushalt Senioren planer für Senioren,de,2026-07-16 03:47:30.935471+00:00,2026-07-16 03:47:30.935471+00:00
23042,26310,Renovierung workbook für Einsteiger,de,2026-07-16 03:47:30.935471+00:00,2026-07-16 03:47:30.935471+00:00
23043,26311,Smart Home workbook für Anfaenger,de,2026-07-16 03:47:30.935471+00:00,2026-07-16 03:47:30.935471+00:00
23044,26312,Pflege tagebuch für Studenten,de,2026-07-16 03:47:30.935471+00:00,2026-07-16 03:47:30.935471+00:00
23045,26313,Pflege workbook für Studenten,de,2026-07-16 03:47:30.935471+00:00,2026-07-16 03:47:30.935471+00:00
23046,26314,Ausbildung arbeitsbuch für Anfaenger,de,2026-07-16 03:47:30.935471+00:00,2026-07-16 03:47:30.935471+00:00
23047,26315,Bildung Soziales leitfaden für Studenten,de,2026-07-16 03:47:30.935471+00:00,2026-07-16 03:47:30.935471+00:00
23048,26316,Smart Home arbeitsbuch für Studenten,de,2026-07-16 03:47:30.935471+00:00,2026-07-16 03:47:30.935471+00:00
23049,26317,Finanzen workbook für Anfaenger,de,2026-07-16 03:47:30.935471+00:00,2026-07-16 03:47:30.935471+00:00
23050,26318,Pflege arbeitsbuch für Anfaenger,de,2026-07-16 03:47:30.935471+00:00,2026-07-16 03:47:30.935471+00:00
23051,26319,Ausbildung workbook für Studenten,de,2026-07-16 03:47:30.935471+00:00,2026-07-16 03:47:30.935471+00:00
23052,26320,Haustiere planer für Studenten,de,2026-07-16 03:47:30.935471+00:00,2026-07-16 03:47:30.935471+00:00
23053,26321,Barrierefreiheit ratgeber für Anfaenger,de,2026-07-16 03:47:30.935471+00:00,2026-07-16 03:47:30.935471+00:00
23054,26322,Haustiere praxisbuch für Anfaenger,de,2026-07-16 03:47:30.935471+00:00,2026-07-16 03:47:30.935471+00:00
23055,26323,Bildung Soziales ratgeber für Anfaenger,de,2026-07-16 03:47:30.935471+00:00,2026-07-16 03:47:30.935471+00:00
23056,26324,Ecommerce ratgeber für Studenten,de,2026-07-16 03:47:30.935471+00:00,2026-07-16 03:47:30.935471+00:00
23057,26325,Software checkliste für Studenten,de,2026-07-16 03:47:30.935471+00:00,2026-07-16 03:47:30.935471+00:00
23058,26326,Software vorlagenbuch für Anfaenger,de,2026-07-16 03:47:30.935471+00:00,2026-07-16 03:47:30.935471+00:00
23059,26327,Barrierefreiheit leitfaden für Studenten,de,2026-07-16 03:47:30.935471+00:00,2026-07-16 03:47:30.935471+00:00
23060,26328,Gesundheit leitfaden für Studenten,de,2026-07-16 03:47:30.935471+00:00,2026-07-16 03:47:30.935471+00:00
23061,26329,Lernen vorlagenbuch für Studenten,de,2026-07-16 03:47:30.935471+00:00,2026-07-16 03:47:30.935471+00:00
23062,26330,Stadtleben workbook für Studenten,de,2026-07-16 03:47:30.935471+00:00,2026-07-16 03:47:30.935471+00:00
23063,26331,Beauty tagebuch für Studenten,de,2026-07-16 03:47:30.935471+00:00,2026-07-16 03:47:30.935471+00:00
23064,26332,Stadtleben arbeitsbuch für Anfaenger,de,2026-07-16 03:47:30.935471+00:00,2026-07-16 03:47:30.935471+00:00
23065,26333,Beauty arbeitsbuch für Anfaenger,de,2026-07-16 03:47:30.935471+00:00,2026-07-16 03:47:30.935471+00:00
23066,26334,Mental Wellbeing workbook für Anfaenger,de,2026-07-16 03:47:30.935471+00:00,2026-07-16 03:47:30.935471+00:00
23067,26335,Beauty workbook für Studenten,de,2026-07-16 03:47:30.935471+00:00,2026-07-16 03:47:30.935471+00:00
23068,26336,Lernen checkliste für Anfaenger,de,2026-07-16 03:47:30.935471+00:00,2026-07-16 03:47:30.935471+00:00
23069,26337,Mental Wellbeing arbeitsbuch für Studenten,de,2026-07-16 03:47:30.935471+00:00,2026-07-16 03:47:30.935471+00:00
23070,26338,Mietrecht workbook für Anfaenger,de,2026-07-16 03:47:30.935471+00:00,2026-07-16 03:47:30.935471+00:00
23071,26339,Camping Vanlife planer für Studenten,de,2026-07-16 03:47:30.935471+00:00,2026-07-16 03:47:30.935471+00:00
23072,26340,Recht tagebuch für Anfaenger,de,2026-07-16 03:47:30.935471+00:00,2026-07-16 03:47:30.935471+00:00
23073,26341,Camping Vanlife praxisbuch für Anfaenger,de,2026-07-16 03:47:30.935471+00:00,2026-07-16 03:47:30.935471+00:00
23074,26342,Admin Recht ratgeber für Anfaenger,de,2026-07-16 03:47:30.935471+00:00,2026-07-16 03:47:30.935471+00:00
23075,26343,Sprachen leitfaden für Studenten,de,2026-07-16 03:47:30.935471+00:00,2026-07-16 03:47:30.935471+00:00
23076,26344,Medizin leitfaden für Anfaenger,de,2026-07-16 03:47:30.935471+00:00,2026-07-16 03:47:30.935471+00:00
23077,26345,Haushalt Senioren checkliste für Studenten,de,2026-07-16 03:47:30.935471+00:00,2026-07-16 03:47:30.935471+00:00
23078,26346,Erbschaft checkliste für Studenten,de,2026-07-16 03:47:30.935471+00:00,2026-07-16 03:47:30.935471+00:00
23079,26347,Erbschaft vorlagenbuch für Anfaenger,de,2026-07-16 03:47:30.935471+00:00,2026-07-16 03:47:30.935471+00:00
23080,26348,Projektmanagement ratgeber für Studenten,de,2026-07-16 03:47:30.935471+00:00,2026-07-16 03:47:30.935471+00:00
23081,26349,Medizin ratgeber für Studenten,de,2026-07-16 03:47:30.935471+00:00,2026-07-16 03:47:30.935471+00:00
23082,26350,Excel Buchhaltung ratgeber für Studenten,de,2026-07-16 03:47:30.935471+00:00,2026-07-16 03:47:30.935471+00:00
23083,26351,Frauen Gesundheit tagebuch für Studenten,de,2026-07-16 03:47:30.935471+00:00,2026-07-16 03:47:30.935471+00:00
23084,26352,Excel Buchhaltung leitfaden für Anfaenger,de,2026-07-16 03:47:30.935471+00:00,2026-07-16 03:47:30.935471+00:00
23085,26353,Frauen Gesundheit workbook für Studenten,de,2026-07-16 03:47:30.935471+00:00,2026-07-16 03:47:30.935471+00:00
23086,26354,Sprachen ratgeber für Anfaenger,de,2026-07-16 03:47:30.935471+00:00,2026-07-16 03:47:30.935471+00:00
23087,26355,Marketing vorlagenbuch für Anfaenger,de,2026-07-16 03:47:30.935471+00:00,2026-07-16 03:47:30.935471+00:00
23088,26356,Fahrzeuge arbeitsbuch für Studenten,de,2026-07-16 03:47:30.935471+00:00,2026-07-16 03:47:30.935471+00:00
23089,26357,Fahrzeuge workbook für Anfaenger,de,2026-07-16 03:47:30.935471+00:00,2026-07-16 03:47:30.935471+00:00
23090,26358,Mietrecht arbeitsbuch für Studenten,de,2026-07-16 03:47:30.935471+00:00,2026-07-16 03:47:30.935471+00:00
23091,26359,Marketing checkliste für Studenten,de,2026-07-16 03:47:30.935471+00:00,2026-07-16 03:47:30.935471+00:00
23092,26360,Haushalt Senioren vorlagenbuch für Anfaenger,de,2026-07-16 03:47:30.935471+00:00,2026-07-16 03:47:30.935471+00:00
23093,26361,Demenz praxisbuch für Studenten,de,2026-07-16 03:47:30.935471+00:00,2026-07-16 03:47:30.935471+00:00
23094,26362,Lokales Business praxisbuch für Anfaenger,de,2026-07-16 03:47:30.935471+00:00,2026-07-16 03:47:30.935471+00:00
23095,26363,Gesundheit ratgeber für Anfaenger,de,2026-07-16 03:47:30.935471+00:00,2026-07-16 03:47:30.935471+00:00
23096,26364,Fotobuch Erinnerungen planer für Studenten,de,2026-07-16 03:47:30.935471+00:00,2026-07-16 03:47:30.935471+00:00
23097,26365,Lokales Business planer für Studenten,de,2026-07-16 03:47:30.935471+00:00,2026-07-16 03:47:30.935471+00:00
23098,26366,Frauen Gesundheit arbeitsbuch für Anfaenger,de,2026-07-16 03:47:30.935471+00:00,2026-07-16 03:47:30.935471+00:00
23099,26367,Recht arbeitsbuch für Studenten,de,2026-07-16 03:47:30.935471+00:00,2026-07-16 03:47:30.935471+00:00
23100,26368,Immobilien workbook für Studenten,de,2026-07-16 03:47:30.935471+00:00,2026-07-16 03:47:30.935471+00:00
23101,26369,Immobilien arbeitsbuch für Anfaenger,de,2026-07-16 03:47:30.935471+00:00,2026-07-16 03:47:30.935471+00:00
23102,26370,Finanzen arbeitsbuch für Studenten,de,2026-07-16 03:47:30.935471+00:00,2026-07-16 03:47:30.935471+00:00
23103,26371,Immobilien tagebuch für Studenten,de,2026-07-16 03:47:30.935471+00:00,2026-07-16 03:47:30.935471+00:00
23104,26373,Schlaf Erholung vorlagenbuch für Studenten,de,2026-07-16 03:47:30.935471+00:00,2026-07-16 03:47:30.935471+00:00
23105,26374,Schlaf Erholung checkliste für Anfaenger,de,2026-07-16 03:47:30.935471+00:00,2026-07-16 03:47:30.935471+00:00
23106,26375,Kundenservice ratgeber für Studenten,de,2026-07-16 03:47:30.935471+00:00,2026-07-16 03:47:30.935471+00:00
23107,26376,Demenz planer für Anfaenger,de,2026-07-16 03:47:30.935471+00:00,2026-07-16 03:47:30.935471+00:00
23108,26377,Kundenservice leitfaden für Anfaenger,de,2026-07-16 03:47:30.935471+00:00,2026-07-16 03:47:30.935471+00:00
23109,26378,Recht workbook für Anfaenger,de,2026-07-16 03:47:30.935471+00:00,2026-07-16 03:47:30.935471+00:00
23110,26379,Laendliches Leben tagebuch für Anfaenger,de,2026-07-16 03:47:30.935471+00:00,2026-07-16 03:47:30.935471+00:00
23111,26380,Laendliches Leben arbeitsbuch für Studenten,de,2026-07-16 03:47:30.935471+00:00,2026-07-16 03:47:30.935471+00:00
23112,26381,Admin Recht leitfaden für Studenten,de,2026-07-16 03:47:30.935471+00:00,2026-07-16 03:47:30.935471+00:00
23113,26382,Laendliches Leben workbook für Anfaenger,de,2026-07-16 03:47:30.935471+00:00,2026-07-16 03:47:30.935471+00:00
23114,26383,Homeoffice leitfaden für Studenten,de,2026-07-16 03:47:30.935471+00:00,2026-07-16 03:47:30.935471+00:00
23115,26384,Renovierung praxisbuch für Studenten,de,2026-07-16 03:47:30.935471+00:00,2026-07-16 03:47:30.935471+00:00
23116,26385,Landwirtschaft planer für Anfaenger,de,2026-07-16 03:47:30.935471+00:00,2026-07-16 03:47:30.935471+00:00
23117,26386,Fotobuch Erinnerungen praxisbuch für Anfaenger,de,2026-07-16 03:47:30.935471+00:00,2026-07-16 03:47:30.935471+00:00
23118,26387,Landwirtschaft praxisbuch für Studenten,de,2026-07-16 03:47:30.935471+00:00,2026-07-16 03:47:30.935471+00:00
23119,26388,Smart Home tagebuch für Anfaenger,de,2026-07-16 03:47:30.935471+00:00,2026-07-16 03:47:30.935471+00:00
23120,26389,Homeoffice ratgeber für Anfaenger,de,2026-07-16 03:47:30.935471+00:00,2026-07-16 03:47:30.935471+00:00
23121,26390,Familienorganisation ratgeber für Studenten,de,2026-07-16 03:47:30.935471+00:00,2026-07-16 03:47:30.935471+00:00
23122,26391,Maenner Gesundheit checkliste für Anfaenger,de,2026-07-16 03:47:30.935471+00:00,2026-07-16 03:47:30.935471+00:00
23123,26392,Maenner Gesundheit vorlagenbuch für Studenten,de,2026-07-16 03:47:30.935471+00:00,2026-07-16 03:47:30.935471+00:00
23124,26393,Renovierung planer für Anfaenger,de,2026-07-16 03:47:30.935471+00:00,2026-07-16 03:47:30.935471+00:00
23125,26394,Online Kurse ratgeber für Anfaenger,de,2026-07-16 03:47:30.935471+00:00,2026-07-16 03:47:30.935471+00:00
23126,26395,Online Kurse leitfaden für Studenten,de,2026-07-16 03:47:30.935471+00:00,2026-07-16 03:47:30.935471+00:00
23127,26396,Business leitfaden für Anfaenger,de,2026-07-16 03:47:30.935471+00:00,2026-07-16 03:47:30.935471+00:00
23128,26397,Ecommerce leitfaden für Anfaenger,de,2026-07-16 03:47:30.935471+00:00,2026-07-16 03:47:30.935471+00:00
23129,26398,Business ratgeber für Studenten,de,2026-07-16 03:47:30.935471+00:00,2026-07-16 03:47:30.935471+00:00
23130,26399,Familienorganisation leitfaden für Anfaenger,de,2026-07-16 03:47:30.935471+00:00,2026-07-16 03:47:30.935471+00:00
23131,26400,Outdoor arbeitsbuch für Anfaenger,de,2026-07-16 03:47:30.935471+00:00,2026-07-16 03:47:30.935471+00:00
23132,26401,Projektmanagement leitfaden für Anfaenger,de,2026-07-16 03:47:30.935471+00:00,2026-07-16 03:47:30.935471+00:00
23133,26402,Outdoor workbook für Studenten,de,2026-07-16 03:47:30.935471+00:00,2026-07-16 03:47:30.935471+00:00
23134,26403,Ecommerce arbeitsbuch für Berufstaetige,de,2026-07-16 03:47:30.935471+00:00,2026-07-16 03:47:30.935471+00:00
23135,26404,Sprachen workbook für Berufstaetige,de,2026-07-16 03:47:30.935471+00:00,2026-07-16 03:47:30.935471+00:00
23136,26405,Bildung Soziales tagebuch für Berufstaetige,de,2026-07-16 03:47:30.935471+00:00,2026-07-16 03:47:30.935471+00:00
23137,26406,Laendliches Leben planer für Jugendliche,de,2026-07-16 03:47:30.935471+00:00,2026-07-16 03:47:30.935471+00:00
23138,26407,Homeoffice tagebuch für Berufstaetige,de,2026-07-16 03:47:30.935471+00:00,2026-07-16 03:47:30.935471+00:00
23139,26408,Admin Recht workbook für Berufstaetige,de,2026-07-16 03:47:30.935471+00:00,2026-07-16 03:47:30.935471+00:00
23140,26409,Gesundheit tagebuch für Berufstaetige,de,2026-07-16 03:47:30.935471+00:00,2026-07-16 03:47:30.935471+00:00
23141,26410,Medizin workbook für Jugendliche,de,2026-07-16 03:47:30.935471+00:00,2026-07-16 03:47:30.935471+00:00
23142,26411,Laendliches Leben praxisbuch für Berufstaetige,de,2026-07-16 03:47:30.935471+00:00,2026-07-16 03:47:30.935471+00:00
23143,26412,Barrierefreiheit tagebuch für Berufstaetige,de,2026-07-16 03:47:30.935471+00:00,2026-07-16 03:47:30.935471+00:00
23144,26413,Erbschaft leitfaden für Jugendliche,de,2026-07-16 03:47:30.935471+00:00,2026-07-16 03:47:30.935471+00:00
23145,26414,Lernen ratgeber für Jugendliche,de,2026-07-16 03:47:30.935471+00:00,2026-07-16 03:47:30.935471+00:00
23146,26415,Online Kurse arbeitsbuch für Jugendliche,de,2026-07-16 03:47:30.935471+00:00,2026-07-16 03:47:30.935471+00:00
23147,26416,Erbschaft ratgeber für Berufstaetige,de,2026-07-16 03:47:30.935471+00:00,2026-07-16 03:47:30.935471+00:00
23148,26417,Pflege planer für Berufstaetige,de,2026-07-16 03:47:30.935471+00:00,2026-07-16 03:47:30.935471+00:00
23149,26418,Haushalt Senioren ratgeber für Berufstaetige,de,2026-07-16 03:47:30.935471+00:00,2026-07-16 03:47:30.935471+00:00
23150,26419,Camping Vanlife vorlagenbuch für Jugendliche,de,2026-07-16 03:47:30.935471+00:00,2026-07-16 03:47:30.935471+00:00
23151,26420,Haustiere vorlagenbuch für Jugendliche,de,2026-07-16 03:47:30.935471+00:00,2026-07-16 03:47:30.935471+00:00
23152,26421,Homeoffice workbook für Berufstaetige,de,2026-07-16 03:47:30.935471+00:00,2026-07-16 03:47:30.935471+00:00
23153,26422,Haustiere checkliste für Berufstaetige,de,2026-07-16 03:47:30.935471+00:00,2026-07-16 03:47:30.935471+00:00
23154,26423,Gesundheit workbook für Berufstaetige,de,2026-07-16 03:47:30.935471+00:00,2026-07-16 03:47:30.935471+00:00
23155,26424,Landwirtschaft checkliste für Jugendliche,de,2026-07-16 03:47:30.935471+00:00,2026-07-16 03:47:30.935471+00:00
23156,26425,Barrierefreiheit arbeitsbuch für Jugendliche,de,2026-07-16 03:47:30.935471+00:00,2026-07-16 03:47:30.935471+00:00
23157,26426,Camping Vanlife checkliste für Berufstaetige,de,2026-07-16 03:47:30.935471+00:00,2026-07-16 03:47:30.935471+00:00
23158,26427,Renovierung vorlagenbuch für Berufstaetige,de,2026-07-16 03:47:30.935471+00:00,2026-07-16 03:47:30.935471+00:00
23159,26428,Online Kurse workbook für Berufstaetige,de,2026-07-16 03:47:30.935471+00:00,2026-07-16 03:47:30.935471+00:00
23160,26429,Landwirtschaft vorlagenbuch für Berufstaetige,de,2026-07-16 03:47:30.935471+00:00,2026-07-16 03:47:30.935471+00:00
23161,26430,Business arbeitsbuch für Berufstaetige,de,2026-07-16 03:47:30.935471+00:00,2026-07-16 03:47:30.935471+00:00
23162,26431,Recht planer für Jugendliche,de,2026-07-16 03:47:30.935471+00:00,2026-07-16 03:47:30.935471+00:00
23163,26432,Projektmanagement tagebuch für Jugendliche,de,2026-07-16 03:47:30.935471+00:00,2026-07-16 03:47:30.935471+00:00
23164,26433,Beauty praxisbuch für Jugendliche,de,2026-07-16 03:47:30.935471+00:00,2026-07-16 03:47:30.935471+00:00
23165,26434,Ecommerce workbook für Jugendliche,de,2026-07-16 03:47:30.935471+00:00,2026-07-16 03:47:30.935471+00:00
23166,26435,Business workbook für Jugendliche,de,2026-07-16 03:47:30.935471+00:00,2026-07-16 03:47:30.935471+00:00
23167,26436,Smart Home praxisbuch für Berufstaetige,de,2026-07-16 03:47:30.935471+00:00,2026-07-16 03:47:30.935471+00:00
23168,26437,Beauty planer für Berufstaetige,de,2026-07-16 03:47:30.935471+00:00,2026-07-16 03:47:30.935471+00:00
23169,26438,Homeoffice arbeitsbuch für Jugendliche,de,2026-07-16 03:47:30.935471+00:00,2026-07-16 03:47:30.935471+00:00
23170,26439,Projektmanagement workbook für Jugendliche,de,2026-07-16 03:47:30.935471+00:00,2026-07-16 03:47:30.935471+00:00
23171,26440,Admin Recht arbeitsbuch für Jugendliche,de,2026-07-16 03:47:30.935471+00:00,2026-07-16 03:47:30.935471+00:00
23172,26441,Fotobuch Erinnerungen vorlagenbuch für Jugendliche,de,2026-07-16 03:47:30.935471+00:00,2026-07-16 03:47:30.935471+00:00
23173,26442,Maenner Gesundheit ratgeber für Jugendliche,de,2026-07-16 03:47:30.935471+00:00,2026-07-16 03:47:30.935471+00:00
23174,26443,Lokales Business vorlagenbuch für Jugendliche,de,2026-07-16 03:47:30.935471+00:00,2026-07-16 03:47:30.935471+00:00
23175,26444,Lokales Business checkliste für Berufstaetige,de,2026-07-16 03:47:30.935471+00:00,2026-07-16 03:47:30.935471+00:00
23176,26445,Bildung Soziales workbook für Berufstaetige,de,2026-07-16 03:47:30.935471+00:00,2026-07-16 03:47:30.935471+00:00
23177,26446,Barrierefreiheit workbook für Berufstaetige,de,2026-07-16 03:47:30.935471+00:00,2026-07-16 03:47:30.935471+00:00
23178,26447,Recht praxisbuch für Berufstaetige,de,2026-07-16 03:47:30.935471+00:00,2026-07-16 03:47:30.935471+00:00
23179,26448,Demenz vorlagenbuch für Berufstaetige,de,2026-07-16 03:47:30.935471+00:00,2026-07-16 03:47:30.935471+00:00
23180,26449,Ecommerce tagebuch für Jugendliche,de,2026-07-16 03:47:30.935471+00:00,2026-07-16 03:47:30.935471+00:00
23181,26450,Smart Home planer für Jugendliche,de,2026-07-16 03:47:30.935471+00:00,2026-07-16 03:47:30.935471+00:00
23182,26451,Marketing ratgeber für Berufstaetige,de,2026-07-16 03:47:30.935471+00:00,2026-07-16 03:47:30.935471+00:00
23183,26452,Projektmanagement arbeitsbuch für Berufstaetige,de,2026-07-16 03:47:30.935471+00:00,2026-07-16 03:47:30.935471+00:00
23184,26453,Immobilien praxisbuch für Jugendliche,de,2026-07-16 03:47:30.935471+00:00,2026-07-16 03:47:30.935471+00:00
23185,26454,Marketing leitfaden für Jugendliche,de,2026-07-16 03:47:30.935471+00:00,2026-07-16 03:47:30.935471+00:00
23186,26455,Maenner Gesundheit leitfaden für Berufstaetige,de,2026-07-16 03:47:30.935471+00:00,2026-07-16 03:47:30.935471+00:00
23187,26456,Sprachen arbeitsbuch für Jugendliche,de,2026-07-16 03:47:30.935471+00:00,2026-07-16 03:47:30.935471+00:00
23188,26457,Familienorganisation workbook für Jugendliche,de,2026-07-16 03:47:30.935471+00:00,2026-07-16 03:47:30.935471+00:00
23189,26458,Immobilien planer für Berufstaetige,de,2026-07-16 03:47:30.935471+00:00,2026-07-16 03:47:30.935471+00:00
23190,26459,Software leitfaden für Jugendliche,de,2026-07-16 03:47:30.935471+00:00,2026-07-16 03:47:30.935471+00:00
23191,26460,Familienorganisation arbeitsbuch für Berufstaetige,de,2026-07-16 03:47:30.935471+00:00,2026-07-16 03:47:30.935471+00:00
23192,26461,Frauen Gesundheit praxisbuch für Jugendliche,de,2026-07-16 03:47:30.935471+00:00,2026-07-16 03:47:30.935471+00:00
23193,26462,Schlaf Erholung leitfaden für Berufstaetige,de,2026-07-16 03:47:30.935471+00:00,2026-07-16 03:47:30.935471+00:00
23194,26463,Haushalt Senioren leitfaden für Jugendliche,de,2026-07-16 03:47:30.935471+00:00,2026-07-16 03:47:30.935471+00:00
23195,26464,Gesundheit arbeitsbuch für Jugendliche,de,2026-07-16 03:47:30.935471+00:00,2026-07-16 03:47:30.935471+00:00
23196,26465,Kundenservice tagebuch für Jugendliche,de,2026-07-16 03:47:30.935471+00:00,2026-07-16 03:47:30.935471+00:00
23197,26466,Frauen Gesundheit planer für Berufstaetige,de,2026-07-16 03:47:30.935471+00:00,2026-07-16 03:47:30.935471+00:00
23198,26467,Software ratgeber für Berufstaetige,de,2026-07-16 03:47:30.935471+00:00,2026-07-16 03:47:30.935471+00:00
23199,26468,Schlaf Erholung ratgeber für Jugendliche,de,2026-07-16 03:47:30.935471+00:00,2026-07-16 03:47:30.935471+00:00
23200,26469,Excel Buchhaltung workbook für Jugendliche,de,2026-07-16 03:47:30.935471+00:00,2026-07-16 03:47:30.935471+00:00
23201,26470,Kundenservice arbeitsbuch für Berufstaetige,de,2026-07-16 03:47:30.935471+00:00,2026-07-16 03:47:30.935471+00:00
23202,26471,Pflege praxisbuch für Jugendliche,de,2026-07-16 03:47:30.935471+00:00,2026-07-16 03:47:30.935471+00:00
23203,26472,Lernen leitfaden für Berufstaetige,de,2026-07-16 03:47:30.935471+00:00,2026-07-16 03:47:30.935471+00:00
23204,26473,Renovierung checkliste für Jugendliche,de,2026-07-16 03:47:30.935471+00:00,2026-07-16 03:47:30.935471+00:00
23205,26474,Excel Buchhaltung arbeitsbuch für Berufstaetige,de,2026-07-16 03:47:30.935471+00:00,2026-07-16 03:47:30.935471+00:00
23206,26475,Kundenservice workbook für Jugendliche,de,2026-07-16 03:47:30.935471+00:00,2026-07-16 03:47:30.935471+00:00
23207,26476,Bildung Soziales arbeitsbuch für Jugendliche,de,2026-07-16 03:47:30.935471+00:00,2026-07-16 03:47:30.935471+00:00
23208,26477,Medizin arbeitsbuch für Berufstaetige,de,2026-07-16 03:47:30.935471+00:00,2026-07-16 03:47:30.935471+00:00
23209,26478,Demenz checkliste für Jugendliche,de,2026-07-16 03:47:30.935471+00:00,2026-07-16 03:47:30.935471+00:00
23210,26479,Fotobuch Erinnerungen checkliste für Berufstaetige,de,2026-07-16 03:47:30.935471+00:00,2026-07-16 03:47:30.935471+00:00
23211,26480,Bildung Soziales planer für Familien,de,2026-07-16 03:47:30.935471+00:00,2026-07-16 03:47:30.935471+00:00
23212,26481,Projektmanagement planer für Kleinunternehmer,de,2026-07-16 03:47:30.935471+00:00,2026-07-16 03:47:30.935471+00:00
23213,26482,Gesundheit praxisbuch für Kleinunternehmer,de,2026-07-16 03:47:30.935471+00:00,2026-07-16 03:47:30.935471+00:00
23214,26483,Haushalt Senioren arbeitsbuch für Familien,de,2026-07-16 03:47:30.935471+00:00,2026-07-16 03:47:30.935471+00:00
23215,26484,Barrierefreiheit planer für Familien,de,2026-07-16 03:47:30.935471+00:00,2026-07-16 03:47:30.935471+00:00
23216,26485,Barrierefreiheit praxisbuch für Kleinunternehmer,de,2026-07-16 03:47:30.935471+00:00,2026-07-16 03:47:30.935471+00:00
23217,26486,Lernen workbook für Familien,de,2026-07-16 03:47:30.935471+00:00,2026-07-16 03:47:30.935471+00:00
23218,26487,Frauen Gesundheit vorlagenbuch für Kleinunternehmer,de,2026-07-16 03:47:30.935471+00:00,2026-07-16 03:47:30.935471+00:00
23219,26488,Beauty checkliste für Familien,de,2026-07-16 03:47:30.935471+00:00,2026-07-16 03:47:30.935471+00:00
23220,26489,Beauty vorlagenbuch für Kleinunternehmer,de,2026-07-16 03:47:30.935471+00:00,2026-07-16 03:47:30.935471+00:00
23221,26490,Camping Vanlife ratgeber für Familien,de,2026-07-16 03:47:30.935471+00:00,2026-07-16 03:47:30.935471+00:00
23222,26491,Camping Vanlife leitfaden für Kleinunternehmer,de,2026-07-16 03:47:30.935471+00:00,2026-07-16 03:47:30.935471+00:00
23223,26492,Erbschaft arbeitsbuch für Familien,de,2026-07-16 03:47:30.935471+00:00,2026-07-16 03:47:30.935471+00:00
23224,26493,Erbschaft workbook für Kleinunternehmer,de,2026-07-16 03:47:30.935471+00:00,2026-07-16 03:47:30.935471+00:00
23225,26494,Lernen arbeitsbuch für Kleinunternehmer,de,2026-07-16 03:47:30.935471+00:00,2026-07-16 03:47:30.935471+00:00
23226,26495,Gesundheit planer für Familien,de,2026-07-16 03:47:30.935471+00:00,2026-07-16 03:47:30.935471+00:00
23227,26496,Smart Home checkliste für Kleinunternehmer,de,2026-07-16 03:47:30.935471+00:00,2026-07-16 03:47:30.935471+00:00
23228,26497,Smart Home vorlagenbuch für Familien,de,2026-07-16 03:47:30.935471+00:00,2026-07-16 03:47:30.935471+00:00
23229,26498,Haushalt Senioren workbook für Kleinunternehmer,de,2026-07-16 03:47:30.935471+00:00,2026-07-16 03:47:30.935471+00:00
23230,26499,Marketing workbook für Kleinunternehmer,de,2026-07-16 03:47:30.935471+00:00,2026-07-16 03:47:30.935471+00:00
23231,26500,Marketing arbeitsbuch für Familien,de,2026-07-16 03:47:30.935471+00:00,2026-07-16 03:47:30.935471+00:00
23232,26501,Frauen Gesundheit checkliste für Familien,de,2026-07-16 03:47:30.935471+00:00,2026-07-16 03:47:30.935471+00:00
23233,26502,Lokales Business leitfaden für Kleinunternehmer,de,2026-07-16 03:47:30.935471+00:00,2026-07-16 03:47:30.935471+00:00
23234,26503,Demenz leitfaden für Familien,de,2026-07-16 03:47:30.935471+00:00,2026-07-16 03:47:30.935471+00:00
23235,26504,Lokales Business ratgeber für Familien,de,2026-07-16 03:47:30.935471+00:00,2026-07-16 03:47:30.935471+00:00
23236,26505,Immobilien vorlagenbuch für Kleinunternehmer,de,2026-07-16 03:47:30.935471+00:00,2026-07-16 03:47:30.935471+00:00
23237,26506,Kundenservice planer für Kleinunternehmer,de,2026-07-16 03:47:30.935471+00:00,2026-07-16 03:47:30.935471+00:00
23238,26507,Kundenservice praxisbuch für Familien,de,2026-07-16 03:47:30.935471+00:00,2026-07-16 03:47:30.935471+00:00
23239,26508,Immobilien checkliste für Familien,de,2026-07-16 03:47:30.935471+00:00,2026-07-16 03:47:30.935471+00:00
23240,26509,Laendliches Leben checkliste für Kleinunternehmer,de,2026-07-16 03:47:30.935471+00:00,2026-07-16 03:47:30.935471+00:00
23241,26510,Laendliches Leben vorlagenbuch für Familien,de,2026-07-16 03:47:30.935471+00:00,2026-07-16 03:47:30.935471+00:00
23242,26511,Demenz ratgeber für Kleinunternehmer,de,2026-07-16 03:47:30.935471+00:00,2026-07-16 03:47:30.935471+00:00
23243,26512,Landwirtschaft ratgeber für Kleinunternehmer,de,2026-07-16 03:47:30.935471+00:00,2026-07-16 03:47:30.935471+00:00
23244,26513,Landwirtschaft leitfaden für Familien,de,2026-07-16 03:47:30.935471+00:00,2026-07-16 03:47:30.935471+00:00
23245,26514,Homeoffice praxisbuch für Kleinunternehmer,de,2026-07-16 03:47:30.935471+00:00,2026-07-16 03:47:30.935471+00:00
23246,26515,Maenner Gesundheit arbeitsbuch für Kleinunternehmer,de,2026-07-16 03:47:30.935471+00:00,2026-07-16 03:47:30.935471+00:00
23247,26516,Maenner Gesundheit workbook für Familien,de,2026-07-16 03:47:30.935471+00:00,2026-07-16 03:47:30.935471+00:00
23248,26517,Homeoffice planer für Familien,de,2026-07-16 03:47:30.935471+00:00,2026-07-16 03:47:30.935471+00:00
23249,26518,Ecommerce planer für Kleinunternehmer,de,2026-07-16 03:47:30.935471+00:00,2026-07-16 03:47:30.935471+00:00
23250,26519,Pflege checkliste für Familien,de,2026-07-16 03:47:30.935471+00:00,2026-07-16 03:47:30.935471+00:00
23251,26520,Pflege vorlagenbuch für Kleinunternehmer,de,2026-07-16 03:47:30.935471+00:00,2026-07-16 03:47:30.935471+00:00
23252,26521,Ecommerce praxisbuch für Familien,de,2026-07-16 03:47:30.935471+00:00,2026-07-16 03:47:30.935471+00:00
23253,26522,Haustiere ratgeber für Familien,de,2026-07-16 03:47:30.935471+00:00,2026-07-16 03:47:30.935471+00:00
23254,26523,Haustiere leitfaden für Kleinunternehmer,de,2026-07-16 03:47:30.935471+00:00,2026-07-16 03:47:30.935471+00:00
23255,26524,Bildung Soziales praxisbuch für Kleinunternehmer,de,2026-07-16 03:47:30.935471+00:00,2026-07-16 03:47:30.935471+00:00
23256,26525,Software arbeitsbuch für Familien,de,2026-07-16 03:47:30.935471+00:00,2026-07-16 03:47:30.935471+00:00
23257,26526,Software workbook für Kleinunternehmer,de,2026-07-16 03:47:30.935471+00:00,2026-07-16 03:47:30.935471+00:00
23258,26527,Renovierung leitfaden für Familien,de,2026-07-16 03:47:30.935471+00:00,2026-07-16 03:47:30.935471+00:00
23259,26528,Renovierung ratgeber für Kleinunternehmer,de,2026-07-16 03:47:30.935471+00:00,2026-07-16 03:47:30.935471+00:00
23260,26529,Fotobuch Erinnerungen ratgeber für Familien,de,2026-07-16 03:47:30.935471+00:00,2026-07-16 03:47:30.935471+00:00
23261,26530,Schlaf Erholung arbeitsbuch für Kleinunternehmer,de,2026-07-16 03:47:30.935471+00:00,2026-07-16 03:47:30.935471+00:00
23262,26531,Schlaf Erholung workbook für Familien,de,2026-07-16 03:47:30.935471+00:00,2026-07-16 03:47:30.935471+00:00
23263,26532,Recht vorlagenbuch für Familien,de,2026-07-16 03:47:30.935471+00:00,2026-07-16 03:47:30.935471+00:00
23264,26533,Recht checkliste für Kleinunternehmer,de,2026-07-16 03:47:30.935471+00:00,2026-07-16 03:47:30.935471+00:00
23265,26534,Fotobuch Erinnerungen leitfaden für Kleinunternehmer,de,2026-07-16 03:47:30.935471+00:00,2026-07-16 03:47:30.935471+00:00
23266,26535,Projektmanagement praxisbuch für Familien,de,2026-07-16 03:47:30.935471+00:00,2026-07-16 03:47:30.935471+00:00
23267,26536,Lokales Business workbook für Eltern,de,2026-07-16 03:47:30.935471+00:00,2026-07-16 03:47:30.935471+00:00
23268,26537,Frauen Gesundheit ratgeber für Erwachsene,de,2026-07-16 03:47:30.935471+00:00,2026-07-16 03:47:30.935471+00:00
23269,26538,Beauty leitfaden für Eltern,de,2026-07-16 03:47:30.935471+00:00,2026-07-16 03:47:30.935471+00:00
23270,26539,Projektmanagement vorlagenbuch für Erwachsene,de,2026-07-16 03:47:30.935471+00:00,2026-07-16 03:47:30.935471+00:00
23271,26540,Pflege leitfaden für Eltern,de,2026-07-16 03:47:30.935471+00:00,2026-07-16 03:47:30.935471+00:00
23272,26541,Gesundheit checkliste für Erwachsene,de,2026-07-16 03:47:30.935471+00:00,2026-07-16 03:47:30.935471+00:00
23273,26542,Homeoffice vorlagenbuch für Eltern,de,2026-07-16 03:47:30.935471+00:00,2026-07-16 03:47:30.935471+00:00
23274,26543,Smart Home leitfaden für Erwachsene,de,2026-07-16 03:47:30.935471+00:00,2026-07-16 03:47:30.935471+00:00
23275,26544,Recht leitfaden für Erwachsene,de,2026-07-16 03:47:30.935471+00:00,2026-07-16 03:47:30.935471+00:00
23276,26545,Bildung Soziales checkliste für Erwachsene,de,2026-07-16 03:47:30.935471+00:00,2026-07-16 03:47:30.935471+00:00
23277,26546,Smart Home ratgeber für Eltern,de,2026-07-16 03:47:30.935471+00:00,2026-07-16 03:47:30.935471+00:00
23278,26547,Renovierung workbook für Erwachsene,de,2026-07-16 03:47:30.935471+00:00,2026-07-16 03:47:30.935471+00:00
23279,26548,Frauen Gesundheit leitfaden für Eltern,de,2026-07-16 03:47:30.935471+00:00,2026-07-16 03:47:30.935471+00:00
23280,26549,Gesundheit vorlagenbuch für Eltern,de,2026-07-16 03:47:30.935471+00:00,2026-07-16 03:47:30.935471+00:00
23281,26550,Camping Vanlife workbook für Eltern,de,2026-07-16 03:47:30.935471+00:00,2026-07-16 03:47:30.935471+00:00
23282,26551,Fotobuch Erinnerungen workbook für Eltern,de,2026-07-16 03:47:30.935471+00:00,2026-07-16 03:47:30.935471+00:00
23283,26552,Camping Vanlife arbeitsbuch für Erwachsene,de,2026-07-16 03:47:30.935471+00:00,2026-07-16 03:47:30.935471+00:00
23284,26553,Landwirtschaft workbook für Erwachsene,de,2026-07-16 03:47:30.935471+00:00,2026-07-16 03:47:30.935471+00:00
23285,26554,Landwirtschaft arbeitsbuch für Eltern,de,2026-07-16 03:47:30.935471+00:00,2026-07-16 03:47:30.935471+00:00
23286,26555,Demenz arbeitsbuch für Eltern,de,2026-07-16 03:47:30.935471+00:00,2026-07-16 03:47:30.935471+00:00
23287,26556,Ecommerce checkliste für Eltern,de,2026-07-16 03:47:30.935471+00:00,2026-07-16 03:47:30.935471+00:00
23288,26557,Fotobuch Erinnerungen arbeitsbuch für Erwachsene,de,2026-07-16 03:47:30.935471+00:00,2026-07-16 03:47:30.935471+00:00
23289,26558,Renovierung arbeitsbuch für Eltern,de,2026-07-16 03:47:30.935471+00:00,2026-07-16 03:47:30.935471+00:00
23290,26559,Barrierefreiheit checkliste für Erwachsene,de,2026-07-16 03:47:30.935471+00:00,2026-07-16 03:47:30.935471+00:00
23291,26560,Laendliches Leben leitfaden für Erwachsene,de,2026-07-16 03:47:30.935471+00:00,2026-07-16 03:47:30.935471+00:00
23292,26561,Homeoffice checkliste für Erwachsene,de,2026-07-16 03:47:30.935471+00:00,2026-07-16 03:47:30.935471+00:00
23293,26562,Laendliches Leben ratgeber für Eltern,de,2026-07-16 03:47:30.935471+00:00,2026-07-16 03:47:30.935471+00:00
23294,26563,Pflege ratgeber für Erwachsene,de,2026-07-16 03:47:30.935471+00:00,2026-07-16 03:47:30.935471+00:00
23295,26564,Immobilien ratgeber für Erwachsene,de,2026-07-16 03:47:30.935471+00:00,2026-07-16 03:47:30.935471+00:00
23296,26565,Ecommerce vorlagenbuch für Erwachsene,de,2026-07-16 03:47:30.935471+00:00,2026-07-16 03:47:30.935471+00:00
23297,26566,Kundenservice vorlagenbuch für Erwachsene,de,2026-07-16 03:47:30.935471+00:00,2026-07-16 03:47:30.935471+00:00
23298,26567,Haustiere arbeitsbuch für Erwachsene,de,2026-07-16 03:47:30.935471+00:00,2026-07-16 03:47:30.935471+00:00
23299,26568,Barrierefreiheit vorlagenbuch für Eltern,de,2026-07-16 03:47:30.935471+00:00,2026-07-16 03:47:30.935471+00:00
23300,26569,Kundenservice checkliste für Eltern,de,2026-07-16 03:47:30.935471+00:00,2026-07-16 03:47:30.935471+00:00
23301,26570,Projektmanagement checkliste für Eltern,de,2026-07-16 03:47:30.935471+00:00,2026-07-16 03:47:30.935471+00:00
23302,26571,Haustiere workbook für Eltern,de,2026-07-16 03:47:30.935471+00:00,2026-07-16 03:47:30.935471+00:00
23303,26572,Recht ratgeber für Eltern,de,2026-07-16 03:47:30.935471+00:00,2026-07-16 03:47:30.935471+00:00
23304,26573,Bildung Soziales vorlagenbuch für Eltern,de,2026-07-16 03:47:30.935471+00:00,2026-07-16 03:47:30.935471+00:00
23305,26574,Immobilien leitfaden für Eltern,de,2026-07-16 03:47:30.935471+00:00,2026-07-16 03:47:30.935471+00:00
23306,26575,Beauty ratgeber für Erwachsene,de,2026-07-16 03:47:30.935471+00:00,2026-07-16 03:47:30.935471+00:00
23307,26576,Lokales Business arbeitsbuch für Erwachsene,de,2026-07-16 03:47:30.935471+00:00,2026-07-16 03:47:30.935471+00:00
23308,26577,Demenz workbook für Erwachsene,de,2026-07-16 03:47:30.935471+00:00,2026-07-16 03:47:30.935471+00:00
23309,26578,Frauen Gesundheit arbeitsbuch für Einsteiger,de,2026-07-16 03:47:30.935471+00:00,2026-07-16 03:47:30.935471+00:00
23310,26579,Pflege arbeitsbuch für Einsteiger,de,2026-07-16 03:47:30.935471+00:00,2026-07-16 03:47:30.935471+00:00
23311,26580,Bildung Soziales leitfaden für Senioren,de,2026-07-16 03:47:30.935471+00:00,2026-07-16 03:47:30.935471+00:00
23312,26581,Homeoffice ratgeber für Einsteiger,de,2026-07-16 03:47:30.935471+00:00,2026-07-16 03:47:30.935471+00:00
23313,26582,Ecommerce ratgeber für Senioren,de,2026-07-16 03:47:30.935471+00:00,2026-07-16 03:47:30.935471+00:00
23314,26583,Homeoffice leitfaden für Senioren,de,2026-07-16 03:47:30.935471+00:00,2026-07-16 03:47:30.935471+00:00
23315,26584,Immobilien arbeitsbuch für Einsteiger,de,2026-07-16 03:47:30.935471+00:00,2026-07-16 03:47:30.935471+00:00
23316,26585,Laendliches Leben workbook für Einsteiger,de,2026-07-16 03:47:30.935471+00:00,2026-07-16 03:47:30.935471+00:00
23317,26586,Laendliches Leben arbeitsbuch für Senioren,de,2026-07-16 03:47:30.935471+00:00,2026-07-16 03:47:30.935471+00:00
23318,26587,Projektmanagement ratgeber für Senioren,de,2026-07-16 03:47:30.935471+00:00,2026-07-16 03:47:30.935471+00:00
23319,26588,Kundenservice leitfaden für Einsteiger,de,2026-07-16 03:47:30.935471+00:00,2026-07-16 03:47:30.935471+00:00
23320,26589,Kundenservice ratgeber für Senioren,de,2026-07-16 03:47:30.935471+00:00,2026-07-16 03:47:30.935471+00:00
23321,26590,Immobilien workbook für Senioren,de,2026-07-16 03:47:30.935471+00:00,2026-07-16 03:47:30.935471+00:00
23322,26591,Gesundheit ratgeber für Einsteiger,de,2026-07-16 03:47:30.935471+00:00,2026-07-16 03:47:30.935471+00:00
23323,26592,Bildung Soziales ratgeber für Einsteiger,de,2026-07-16 03:47:30.935471+00:00,2026-07-16 03:47:30.935471+00:00
23324,26593,Frauen Gesundheit workbook für Senioren,de,2026-07-16 03:47:30.935471+00:00,2026-07-16 03:47:30.935471+00:00
23325,26594,Recht workbook für Einsteiger,de,2026-07-16 03:47:30.935471+00:00,2026-07-16 03:47:30.935471+00:00
23326,26595,Projektmanagement leitfaden für Einsteiger,de,2026-07-16 03:47:30.935471+00:00,2026-07-16 03:47:30.935471+00:00
23327,26596,Beauty workbook für Senioren,de,2026-07-16 03:47:30.935471+00:00,2026-07-16 03:47:30.935471+00:00
23328,26597,Recht arbeitsbuch für Senioren,de,2026-07-16 03:47:30.935471+00:00,2026-07-16 03:47:30.935471+00:00
23329,26598,Beauty arbeitsbuch für Einsteiger,de,2026-07-16 03:47:30.935471+00:00,2026-07-16 03:47:30.935471+00:00
23330,26599,Smart Home arbeitsbuch für Senioren,de,2026-07-16 03:47:30.935471+00:00,2026-07-16 03:47:30.935471+00:00
23331,26600,Barrierefreiheit leitfaden für Senioren,de,2026-07-16 03:47:30.935471+00:00,2026-07-16 03:47:30.935471+00:00
23332,26601,Barrierefreiheit ratgeber für Einsteiger,de,2026-07-16 03:47:30.935471+00:00,2026-07-16 03:47:30.935471+00:00
23333,26602,Gesundheit leitfaden für Senioren,de,2026-07-16 03:47:30.935471+00:00,2026-07-16 03:47:30.935471+00:00
23334,26603,Smart Home workbook für Einsteiger,de,2026-07-16 03:47:30.935471+00:00,2026-07-16 03:47:30.935471+00:00
23335,26604,Pflege workbook für Senioren,de,2026-07-16 03:47:30.935471+00:00,2026-07-16 03:47:30.935471+00:00
23336,26605,Ecommerce leitfaden für Einsteiger,de,2026-07-16 03:47:30.935471+00:00,2026-07-16 03:47:30.935471+00:00
23337,26606,Barrierefreiheit workbook für Studenten,de,2026-07-16 03:47:30.935471+00:00,2026-07-16 03:47:30.935471+00:00
23338,26607,Projektmanagement arbeitsbuch für Studenten,de,2026-07-16 03:47:30.935471+00:00,2026-07-16 03:47:30.935471+00:00
23339,26608,Homeoffice workbook für Studenten,de,2026-07-16 03:47:30.935471+00:00,2026-07-16 03:47:30.935471+00:00
23340,26609,Barrierefreiheit arbeitsbuch für Anfaenger,de,2026-07-16 03:47:30.935471+00:00,2026-07-16 03:47:30.935471+00:00
23341,26610,Gesundheit arbeitsbuch für Anfaenger,de,2026-07-16 03:47:30.935471+00:00,2026-07-16 03:47:30.935471+00:00
23342,26611,Gesundheit workbook für Studenten,de,2026-07-16 03:47:30.935471+00:00,2026-07-16 03:47:30.935471+00:00
23343,26612,Projektmanagement workbook für Anfaenger,de,2026-07-16 03:47:30.935471+00:00,2026-07-16 03:47:30.935471+00:00
23344,26613,Homeoffice arbeitsbuch für Anfaenger,de,2026-07-16 03:47:30.935471+00:00,2026-07-16 03:47:30.935471+00:00
23345,26615,Kundenservice arbeitsbuch für Studenten,de,2026-07-16 03:47:30.935471+00:00,2026-07-16 03:47:30.935471+00:00
23346,26616,Bildung Soziales arbeitsbuch für Anfaenger,de,2026-07-16 03:47:30.935471+00:00,2026-07-16 03:47:30.935471+00:00
23347,26617,Ecommerce workbook für Anfaenger,de,2026-07-16 03:47:30.935471+00:00,2026-07-16 03:47:30.935471+00:00
23348,26618,Ecommerce arbeitsbuch für Studenten,de,2026-07-16 03:47:30.935471+00:00,2026-07-16 03:47:30.935471+00:00
23349,26619,Kundenservice workbook für Anfaenger,de,2026-07-16 03:47:30.935471+00:00,2026-07-16 03:47:30.935471+00:00
23350,26620,Bildung Soziales workbook für Studenten,de,2026-07-16 03:47:30.935471+00:00,2026-07-16 03:47:30.935471+00:00
